1 0.20169117647058823 0.11198453608247423 0.023676470588235327 0.0779896907216495
1 0.21067647058823527 0.18783505154639174 0.04736764705882352 0.04365979381443298
1 0.2474264705882353 0.13845360824742267 0.025308823529411734 0.08085051546391754
1 0.32989705882352943 0.20177835051546394 0.06695588235294123 0.05724226804123713
1 0.3537794117647059 0.12737113402061856 0.02408823529411764 0.08301546391752579
1 0.6434558823529412 0.16206185567010312 0.04900000000000007 0.04938144329896908
1 0.7808382352941177 0.30123711340206183 0.06327941176470585 0.05868556701030927
1 0.848 0.31270618556701035 0.06451470588235278 0.060103092783505174
1 0.58875 0.711958762886598 0.027764705882352934 0.07440721649484537
1 0.4658529411764705 0.6447164948453608 0.025308823529411818 0.10018041237113395
1 0.4919852941176471 0.7087371134020619 0.02694117647058831 0.11090206185567003
1 0.16208823529411764 0.8282474226804124 0.023676470588235285 0.07371134020618562
1 0.17188235294117646 0.904458762886598 0.04408823529411765 0.04721649484536095
1 0.20883823529411763 0.8518556701030927 0.02163235294117644 0.08085051546391754
1 0.2923235294117647 0.9187628865979381 0.05797058823529414 0.05438144329896913
1 0.31622058823529414 0.8425515463917527 0.02408823529411764 0.08229381443298957
1 0.6042647058823529 0.8761855670103093 0.04408823529411767 0.047938144329896966
0 0.3786764705882353 0.2134278350515464 0.022897058823529444 0.07894329896907215
0 0.5014117647058823 0.1418298969072165 0.04466176470588236 0.0481701030927835
0 0.3387941176470588 0.9332731958762887 0.023279411764705858 0.07224226804123704
0 0.46227941176470594 0.8610309278350515 0.04963235294117647 0.04817010309278365
4 0.24966176470588236 0.8539948453608248 0.04810294117647056 0.09567010309278352
4 0.28744117647058826 0.13780927835051546 0.04886764705882356 0.093659793814433
3 0.42182352941176465 0.1354639175257732 0.10077941176470584 0.10368556701030925
3 0.4941617647058823 0.3090979381443299 0.1255882352941176 0.24752577319587635
3 0.7819852941176471 0.7091494845360824 0.10879411764705885 0.25020618556701035
3 0.3814117647058824 0.8518041237113402 0.09960294117647062 0.10149484536082473
2 0.2329705882352941 0.5764432989690722 0.1223676470588235 0.13938144329896904
2 0.4319705882352941 0.5564690721649485 0.041691176470588266 0.13734536082474233