1 0.11651119402985075 0.033894878706199456 0.02294776119402986 0.03490566037735848
1 0.13022388059701492 0.06880053908355795 0.04776119402985073 0.016307277628032336
1 0.16847014925373133 0.04238544474393531 0.025000000000000012 0.034097035040431274
1 0.26259328358208955 0.06522911051212937 0.07033582089552237 0.02021563342318059
1 0.28432835820895525 0.02924528301886793 0.025746268656716437 0.03504043126684637
1 0.6063992537313432 0.020121293800539085 0.049235074626865646 0.018652291105121295
1 0.7727798507462686 0.0733288409703504 0.07042910447761194 0.020700808625336926
1 0.8473320895522388 0.07266846361185984 0.07223880597014931 0.021428571428571436
1 0.5836007462686568 0.27811320754716984 0.023712686567164246 0.03473045822102423
1 0.47244402985074624 0.2837061994609164 0.029309701492537275 0.05020215633423181
1 0.44067164179104473 0.25587601078167116 0.030298507462686586 0.05114555256064689
1 0.11975746268656716 0.3612803234501348 0.02466417910447761 0.0357951482479784
1 0.1331902985074627 0.39602425876010783 0.04858208955223879 0.018867924528301886
1 0.1717537313432836 0.37026954177897575 0.02563432835820897 0.03650943396226419
1 0.26587686567164176 0.39355795148247974 0.07177238805970151 0.022749326145552553
1 0.2872388059701493 0.35757412398921834 0.02759328358208959 0.03650943396226416
1 0.6112126865671642 0.3509703504043127 0.05054104477611946 0.01799191374663076
1 0.7761380597014925 0.4055525606469003 0.07276119402985075 0.022749326145552553
1 0.851455223880597 0.4068733153638814 0.07104477611940306 0.02292452830188678
1 0.5875373134328359 0.6098652291105121 0.02660447761194028 0.03386792452830188
1 0.4759701492537314 0.6127762803234501 0.032966417910447736 0.047088948787061914
1 0.4425186567164179 0.5858760107816712 0.03197761194029848 0.048679245283018875
1 0.12024253731343285 0.690188679245283 0.025391791044776107 0.03586253369272231
1 0.13317164179104476 0.7262264150943396 0.05125 0.018018867924528156
1 0.17218283582089552 0.7005121293800539 0.025858208955223852 0.03603773584905662
1 0.2675 0.723989218328841 0.0732276119402985 0.021159029649595748
1 0.2901492537313433 0.6880323450134771 0.02746268656716423 0.03520215633423174
1 0.6141044776119403 0.6846900269541779 0.051716417910447815 0.01900269541778979
1 0.784179104477612 0.7432479784366577 0.07276119402985075 0.02297843665768188
1 0.8601492537313433 0.7433288409703503 0.07414179104477614 0.022142857142857228
1 0.5934514925373134 0.9482075471698114 0.027238805970149296 0.03421832884097049
1 0.47902985074626864 0.9480458221024259 0.029514925373134368 0.04215633423180589
1 0.44688432835820896 0.9173045822102426 0.02973880597014925 0.04082210242587596
4 0.20972014925373134 0.04013477088948787 0.0475373134328358 0.03881401617250674
4 0.2133768656716418 0.3685309973045822 0.0475373134328358 0.04125336927223722
4 0.21477611940298508 0.6981401617250673 0.04809701492537311 0.03962264150943401
3 0.35910447761194025 0.02473045822102426 0.1122201492537313 0.04729110512129381
3 0.4543097014925373 0.10241239892183288 0.13578358208955219 0.10646900269541779
3 0.8040485074626866 0.2621024258760108 0.12156716417910442 0.1091644204851752
3 0.3637873134328358 0.35735849056603775 0.11408582089552234 0.041347708894878675
3 0.4574813432835821 0.432345013477089 0.139160447761194 0.11133423180592994
3 0.8081716417910448 0.5962264150943396 0.11634328358208958 0.11160377358490559
3 0.36546641791044776 0.6890026954177898 0.11212686567164183 0.03931266846361188
3 0.4607089552238806 0.7649191374663074 0.1355783582089552 0.11082210242587603
3 0.812929104477612 0.9353908355795147 0.1165858208955224 0.10777628032345017
0 0.3173134328358209 0.06663072776280324 0.023955223880596968 0.034420485175202145
0 0.44695895522388057 0.024514824797843667 0.04738805970149249 0.019043126684636123
0 0.4509514925373134 0.3546091644204852 0.050055970149253705 0.019609164420485152
0 0.3209141791044776 0.3951752021563343 0.026361940298507455 0.03500000000000004
0 0.32294776119402985 0.7266846361185985 0.027611940298507484 0.03504043126684636
0 0.45373134328358206 0.6851752021563342 0.051492537313432875 0.019407008086253414
2 0.18074626865671642 0.24206199460916444 0.13356343283582092 0.05885444743935312
2 0.4007835820895522 0.22083557951482483 0.0446828358208955 0.057816711590296464
2 0.18317164179104478 0.5721698113207547 0.13445895522388057 0.06064690026954178
2 0.4037686567164179 0.5503908355795148 0.04723880597014924 0.05801886792452824
2 0.1844402985074627 0.9131940700808626 0.1341044776119403 0.059595687331536425
2 0.40611940298507465 0.887466307277628 0.046156716417910464 0.059595687331536425