1 0.12579964850615113 0.15119868637110015 0.040702987697715284 0.07170771756978651
1 0.12680140597539544 0.2225944170771757 0.03736379613356766 0.07108374384236454
1 0.0450439367311072 0.384072249589491 0.03137082601054482 0.05238095238095234
1 0.4210896309314587 0.4090147783251232 0.0547275922671353 0.028686371100164153
1 0.42810193321616874 0.52 0.07808435852372585 0.032430213464696225
1 0.3880492091388401 0.5521182266009852 0.08207381370826008 0.03180623973727423
1 0.05072056239015817 0.7045648604269293 0.054727592267135326 0.024942528735632272
1 0.10411247803163445 0.7273234811165845 0.03736379613356767 0.07045977011494248
1 0.06806678383128295 0.8186535303776683 0.05871704745166959 0.026190476190476264
1 0.10676625659050967 0.8598193760262726 0.03070298769771529 0.049885057471264455
1 0.056397188049209145 0.8722824302134647 0.05938488576449911 0.02993431855500824
1 0.6129525483304041 0.14683087027914615 0.038031634446397164 0.06796387520525454
1 0.6129525483304041 0.21978653530377668 0.039367311072056196 0.07295566502463055
1 0.5301933216168717 0.38376026272577995 0.032706502636203894 0.053004926108374435
1 0.9069068541300527 0.4068308702791461 0.06005272407732867 0.026814449917898168
1 0.9169244288224956 0.517816091954023 0.0760808435852372 0.030558292282430236
1 0.8728822495606328 0.5514942528735632 0.08008787346221449 0.033037766830870285
1 0.5345342706502636 0.7042528735632184 0.052056239015817234 0.02681444991789826
1 0.5885940246045694 0.7270114942528736 0.03602811950790861 0.07108374384236447
1 0.5545518453427065 0.8208374384236453 0.05606326889279434 0.028062397372742253
1 0.5392091388400703 0.8722824302134647 0.05606326889279434 0.027438423645320256
1 0.5909314586994727 0.8604433497536945 0.032706502636203894 0.049885057471264455
3 0.04905096660808436 0.6312972085385878 0.06739894551845343 0.1116091954022989
3 0.1594903339191564 0.5377668308702791 0.16282952548330404 0.134055829228243
3 0.4024077328646749 0.1932840722495895 0.161493848857645 0.11223316912972084
3 0.8892267135325133 0.19078817733990147 0.16483304042179256 0.11847290640394087
3 0.6486467486818981 0.5383908045977012 0.16550087873462208 0.14029556650246314
3 0.535536028119508 0.6294252873563219 0.06072056239015809 0.11410509031198687
0 0.10876977152899825 0.6721346469622331 0.056063268892794386 0.027438423645320256
0 0.048049209138840074 0.5418226600985222 0.030702987697715293 0.05113300492610835
0 0.5331985940246046 0.5411986863711001 0.03337434094903341 0.05113300492610835
0 0.5936028119507909 0.6724466338259442 0.05405975395430578 0.02556650246305427
4 0.06704745166959578 0.7786042692939245 0.06193321616871704 0.04556650246305419
4 0.5507557117750439 0.7786042692939245 0.06388400702987701 0.0501149425287356
2 0.36644991212653777 0.8107224958949097 0.0911775043936731 0.1398686371100165
2 0.33669595782073813 0.5929556650246306 0.09702987697715286 0.04600985221674874
2 0.8499121265377856 0.810952380952381 0.0858172231985941 0.140328407224959
2 0.8204217926186291 0.5895238095238095 0.09411247803163436 0.051018062397372825