1 0.3808382066276803 0.15249134948096885 0.033937621832358725 0.1025259515570934
1 0.5187329434697856 0.14930795847750863 0.03826510721247563 0.1294463667820069
1 0.5606042884990253 0.22685121107266437 0.041150097465886964 0.14352941176470585
1 0.05089668615984405 0.7420069204152249 0.085906432748538 0.07176470588235297
1 0.14077972709551656 0.7432871972318339 0.08374269005847955 0.074325259515571
1 0.34076023391812865 0.9214532871972319 0.06785575048732943 0.05896193771626285
1 0.7775633528265107 0.8099307958477509 0.08808966861598451 0.0640830449826989
1 0.747953216374269 0.918235294117647 0.03610136452241712 0.10892733564013847
1 0.9017348927875243 0.8874740484429067 0.03754385964912279 0.10892733564013847
1 0.9540740740740741 0.8118685121107266 0.06859649122807006 0.06024221453287206
1 0.9667251461988304 0.9207958477508651 0.040428849902534134 0.11404844290657443
3 0.1176803118908382 0.1890311418685121 0.13861598440545808 0.3344982698961938
3 0.5422027290448342 0.6882006920415225 0.17760233918128657 0.33321799307958483
3 0.6548343079922028 0.916955017301038 0.14729044834308003 0.1294463667820068
0 0.5422027290448342 0.918235294117647 0.06641325536062388 0.06536332179930791
0 0.7075243664717349 0.799688581314879 0.03754385964912279 0.10508650519031143
2 0.6107797270955165 0.3344982698961938 0.06352826510721253 0.18197231833910035
2 0.8934307992202729 0.2742560553633218 0.1783235867446394 0.18453287197231835
4 0.847953216374269 0.8951557093425605 0.0628070175438597 0.13200692041522483