1 0.09929906542056074 0.7183495145631068 0.05185747663551401 0.07242718446601941
1 0.15241822429906543 0.7218446601941748 0.05101635514018694 0.07009708737864086
1 0.2647897196261682 0.886537216828479 0.03878504672897195 0.06307443365695796
1 0.4935280373831775 0.8917799352750809 0.020665887850467354 0.10627831715210366
1 0.5118691588785047 0.7925242718446601 0.05227803738317757 0.0688996763754046
1 0.5770093457943926 0.8637540453074433 0.018130841121495305 0.10864077669902919
1 0.6063200934579439 0.7942718446601942 0.03794392523364488 0.06074433656957923
1 0.6143224299065421 0.8929449838187703 0.019392523364485874 0.10394822006472493
1 0.7886682242990655 0.7679935275080906 0.051016355140187 0.0759223300970873
1 0.8417990654205608 0.7691585760517798 0.04933411214953273 0.0759223300970873
1 0.9790420560747662 0.22485436893203886 0.018551401869159007 0.09928802588996766
1 0.955642523364486 0.9420064724919094 0.03752336448598118 0.06656957928802605
1 0.2900817757009346 0.17637540453074432 0.020233644859813108 0.1027831715210356
1 0.3704088785046729 0.17754045307443367 0.02403037383177576 0.13080906148867313
1 0.3925467289719626 0.24880258899676375 0.023609813084112193 0.14249190938511327
3 0.13703271028037384 0.20148867313915855 0.08517523364485981 0.3118770226537217
3 0.37462616822429906 0.6710355987055016 0.10077102803738316 0.3071844660194175
3 0.4403971962616823 0.8859546925566343 0.08137850467289716 0.12265372168284783
3 0.8289369158878506 0.24585760517799352 0.07926401869158868 0.3095145631067961
0 0.37779205607476635 0.8888673139158577 0.03626168224299061 0.06074433656957923
0 0.47139018691588785 0.7814239482200647 0.018551401869158872 0.1051132686084142
2 0.417838785046729 0.3492556634304207 0.033726635514018694 0.1611974110032362
2 0.5780607476635514 0.30776699029126214 0.1003504672897196 0.16469255663430415
4 0.5487616822429907 0.8622330097087378 0.0351401869158879 0.11297734627831704