1 0.11120707596253902 0.26473828125 0.06569719042663891 0.01960937500000002
1 0.18006763787721122 0.26355078125000003 0.0672788761706556 0.02080078125
1 0.1036888657648283 0.5975234375 0.06648803329864725 0.02317578124999997
1 0.17611342351716963 0.59544140625 0.06727887617065553 0.021394531249999994
1 0.10606139438085327 0.94367578125 0.06806971904266389 0.023769531250000142
1 0.1784859521331946 0.94426953125 0.07044224765868885 0.02495703125000013
3 0.12347554630593131 0.7945156250000001 0.12031217481789802 0.11528515625000005
3 0.12426638917793965 0.45074218750000006 0.1171436004162331 0.10993750000000002
3 0.13534859521331946 0.13281640625 0.10922996878251823 0.09686328125000002
1 0.7202757544224765 0.108453125 0.030078043704474478 0.04457031250000001
1 0.753522372528616 0.13459765625 0.030078043704474478 0.04457031250000001
1 0.8561446409989594 0.12992187500000002 0.024719042663891893 0.030281249999999992
1 0.413111342351717 0.21075781249999997 0.020816857440166488 0.03370312499999999
1 0.4274245577523413 0.2451953125 0.04554110301768989 0.018558593749999998
1 0.465156087408949 0.2190625 0.023418314255983345 0.03663281249999999
1 0.555582726326743 0.24055468750000003 0.06765868886576482 0.021003906249999992
1 0.5773777315296567 0.20538671874999997 0.025374609781477618 0.03370312499999999
1 0.8877003121748179 0.19659374999999998 0.046191467221644224 0.017093749999999998
1 0.7374193548387097 0.43055468750000003 0.030577523413111332 0.049332031249999984
1 0.7725494276795005 0.45839453125 0.030577523413111332 0.050308593749999984
1 0.8847710718002081 0.45253515625 0.024719042663891893 0.03565625000000008
1 0.4189646201873049 0.54191796875 0.024719042663891775 0.03565625000000008
1 0.432627471383975 0.57879296875 0.04814255983350675 0.017582031250000085
1 0.47133714880332983 0.5511953125 0.02406867845993756 0.03663281250000008
1 0.5672944849115504 0.57415234375 0.07026014568158166 0.020027343749999992
1 0.5884391259105098 0.53703125 0.025374609781477618 0.03467968750000008
1 0.9146982310093652 0.52799609375 0.04684183142559844 0.018558593750000085
1 0.7553069719042664 0.7800273437499999 0.031227887617065547 0.052749999999999984
1 0.7910874089490114 0.8066484375 0.031227887617065547 0.046402343749999984
1 0.9036368366285119 0.8017617187500001 0.024719042663891893 0.03760937499999999
1 0.4238449531737773 0.8945664062500001 0.025374609781477618 0.0346796874999999
1 0.4394588969823101 0.9326640625 0.044890738813735676 0.01905078125000017
1 0.47881893860561914 0.9053125 0.026024973985431833 0.0366328124999999
1 0.5783558792924037 0.9289999999999999 0.07026014568158166 0.02149218750000017
1 0.6007960457856399 0.8921250000000001 0.024068678459937678 0.0346796874999999
1 0.9309625390218522 0.87966796875 0.05204474505723215 0.017582031250000085
2 0.47263787721123834 0.09035937499999999 0.12556191467221647 0.06056640625000002
2 0.6830957336108221 0.07497265625 0.0494432882414153 0.056167968749999984
4 0.5051664932362122 0.21735156249999998 0.046191467221644106 0.03907421874999999
4 0.5149219562955255 0.549 0.047492195629552536 0.03907421875000008
4 0.523054110301769 0.9031132812499999 0.04554110301768995 0.0410273437499999
3 0.6521956295525494 0.19976953125000002 0.10604058272632672 0.046890625000000005
3 0.7491259105098855 0.27596484375 0.13726847034339226 0.10354687499999997
3 0.6658532778355879 0.53361328125 0.11385015608740903 0.04151562500000008
3 0.7686472424557752 0.6132265625 0.14117065556711755 0.11282812500000006
3 0.6778928199791884 0.8926132812500001 0.11189906347554639 0.0415156249999999
3 0.780353798126951 0.95546484375 0.14507804370447458 0.08907031250000016
2 0.4869510926118627 0.7702578124999999 0.13856919875130075 0.06544921874999998
2 0.7139958376690947 0.74217578125 0.044890738813735793 0.06203125000000007
2 0.47816857440166494 0.41516796874999995 0.13141519250780434 0.059589843750000024
2 0.6970811654526534 0.39465234374999997 0.047492195629552654 0.056660156250000024
0 0.6114516129032258 0.2414765625 0.025130072840790937 0.03251953125
0 0.7360405827263268 0.198921875 0.04651925078043697 0.018867187499999983
0 0.6240166493236212 0.575890625 0.023527575442247553 0.03492578124999994
0 0.752882414151925 0.53212890625 0.04598335067637883 0.014855468750000078
0 0.6344432882414153 0.93137890625 0.02085327783558789 0.03372265624999997
0 0.7686576482830384 0.88641796875 0.04972944849115501 0.018468749999999902