1 0.24384057971014492 0.11080106809078771 0.06282608695652175 0.05181575433911883
1 0.24608695652173915 0.16468624833110815 0.06583333333333331 0.05320427236315088
1 0.0908695652173913 0.28748998664886516 0.054601449275362306 0.038037383177570105
1 0.11405797101449275 0.5290787716955941 0.09800724637681162 0.01791722296395188
1 0.21579710144927536 0.5453404539385848 0.06655797101449278 0.052643524699599396
1 0.15221014492753623 0.6167289719626168 0.10097826086956524 0.017369826435246982
1 0.12717391304347828 0.6557409879839786 0.1017391304347826 0.017636849132176283
1 0.2266304347826087 0.6454072096128172 0.056847826086956516 0.03720961281708946
1 0.760144927536232 0.4108010680907877 0.13742753623188408 0.022643524699599515
1 0.8365579710144927 0.385954606141522 0.13999999999999996 0.022643524699599515
1 0.8216304347826088 0.30339118825100136 0.09989130434782606 0.019185580774365826
1 0.2738768115942029 0.837343124165554 0.06253623188405794 0.051081441922563406
1 0.2772463768115942 0.8893991989319092 0.06478260869565215 0.05136181575433915
3 0.8007246376811594 0.8767556742323098 0.30463768115942036 0.08899866488651546
3 0.322463768115942 0.40331108144192257 0.31148550724637686 0.09898531375166887
3 0.10192028985507244 0.47264352469959947 0.13144927536231885 0.08530040053404538
3 0.7768115942028986 0.14093457943925233 0.30960144927536226 0.0867022696929239
0 0.09934782608695653 0.4083978638184245 0.05818840579710146 0.03660881174899861
0 0.2222463768115942 0.5047263017356476 0.10134057971014493 0.019973297730307125
2 0.7080072463768116 0.6055140186915887 0.16456521739130442 0.10097463284379171
2 0.6616304347826087 0.44144192256341785 0.1670652173913044 0.03385847797062752
4 0.14445652173913043 0.5853137516688919 0.11028985507246376 0.03548731642189592