1 0.07779396462018731 0.47174603174603175 0.015067637877211227 0.052083333333333336
1 0.0901248699271592 0.4193055555555556 0.0393652445369407 0.03053571428571426
1 0.14390218522372528 0.45109126984126985 0.013558792924037433 0.0495634920634921
1 0.16509885535900104 0.4139285714285714 0.027315296566077004 0.028373015873015897
1 0.1733818938605619 0.4658134920634921 0.01562955254942766 0.052440476190476204
1 0.3089073881373569 0.3898611111111111 0.03766909469302814 0.031964285714285744
1 0.34920915712799167 0.3880555555555556 0.038803329864724206 0.03267857142857137
1 0.4415088449531738 0.4683333333333333 0.027502601456815764 0.025853174603174548
1 0.621675338189386 0.4553968253968254 0.014131113423517094 0.052440476190476204
1 0.6329760665972944 0.4031349206349206 0.0382414151925078 0.03339285714285711
1 0.6859001040582726 0.43636904761904766 0.014880332986472377 0.05172619047619046
1 0.7080332986472424 0.3981150793650794 0.02674297606659734 0.029801587301587266
1 0.7150988553590011 0.4501984126984127 0.015254942767950138 0.053511904761904705
1 0.5337044745057232 0.1221031746031746 0.017898022892820026 0.0732738095238095
1 0.515057232049948 0.08152777777777778 0.017898022892820026 0.07541666666666665
1 0.45252861602497396 0.09031746031746032 0.01562955254942766 0.05351190476190476
1 0.851789802289282 0.3747420634920635 0.039490114464099946 0.032023809523809496
1 0.8926118626430801 0.37355158730158733 0.03859521331945881 0.03507936507936509
1 0.9838293444328825 0.45462301587301585 0.02805411030176903 0.03168650793650799
1 0.09803329864724245 0.8969246031746032 0.039136316337148785 0.032341269841269754
1 0.08550468262226847 0.9471031746031745 0.014849115504682634 0.05109126984126984
1 0.1507596253902185 0.927420634920635 0.015806451612903224 0.05146825396825408
1 0.17215400624349636 0.8892063492063492 0.02776274713839751 0.029404761904762003
1 0.18073881373569198 0.9404761904761905 0.016004162330905302 0.05625000000000004
1 0.31500520291363165 0.8638293650793651 0.03970863683662848 0.032341269841269754
1 0.35549427679500517 0.8616269841269841 0.03778355879292398 0.035297619047618974
1 0.4456503642039542 0.9399404761904763 0.027408949011446443 0.02779761904761903
1 0.6227263267429761 0.9275396825396826 0.01394380853277845 0.05317460317460308
1 0.6349219562955255 0.8770833333333333 0.03898022892819983 0.03263888888888898
1 0.6872944849115504 0.909265873015873 0.01409989594172732 0.05347222222222231
1 0.7093236212278876 0.8721031746031747 0.026774193548387115 0.02809523809523803
1 0.7165244536940687 0.9218055555555555 0.01552549427679508 0.05257936507936508
1 0.5366077003121748 0.6038095238095238 0.016951092611862607 0.07160714285714292
1 0.5179084287200832 0.570873015873016 0.01758584807492193 0.05650793650793654
1 0.45689906347554626 0.5720833333333333 0.014734651404786647 0.05105158730158734
1 0.8510613943808533 0.8513293650793651 0.03866805411030185 0.03490079365079372
1 0.8917793964620188 0.8498214285714286 0.03898022892819983 0.033710317460317475
1 0.982684703433923 0.9304761904761905 0.02699271592091577 0.02888888888888878
1 0.9947970863683663 0.5575396825396826 0.01040582726326743 0.051587301587301584
4 0.12058272632674297 0.4548611111111111 0.02900104058272633 0.05666666666666667
4 0.6629864724245578 0.4388888888888889 0.028459937565036324 0.057698412698412666
4 0.6640582726326743 0.9138690476190475 0.02761706555671172 0.05996031746031751
4 0.12789802289281998 0.9317857142857143 0.026836628511966706 0.058134920634920546
2 0.13312174817898023 0.1571031746031746 0.0764828303850156 0.08440476190476189
2 0.14134235171696152 0.6424206349206348 0.07450572320499478 0.08732142857142855
2 0.015889698231009365 0.6731349206349206 0.026951092611862643 0.08440476190476183
2 0.5562539021852236 0.17462301587301587 0.026108220603537895 0.08751984126984123
2 0.6811134235171695 0.14331349206349206 0.07874089490114472 0.08912698412698411
2 0.557939646201873 0.654781746031746 0.025265348595213292 0.0875198412698413
2 0.6819562955254943 0.6274801587301587 0.07705515088449527 0.0875198412698413
3 0.03577523413111343 0.4731944444444445 0.06550468262226847 0.0593650793650794
0 0.058491155046826226 0.41716269841269843 0.015046826222684696 0.052876984126984085
0 0.06646201873048907 0.8951587301587302 0.014422476586888658 0.050595238095238096
0 0.5295837669094693 0.4621031746031746 0.027970863683662847 0.027103174603174653
0 0.5335379812695109 0.9343055555555555 0.026836628511966665 0.029682539682539755
0 0.6044745057232049 0.8741071428571429 0.013080124869927092 0.050317460317460344
0 0.602143600416233 0.4011706349206349 0.01409989594172732 0.050496031746031726
3 0.331633714880333 0.1115873015873016 0.062310093652445366 0.1621031746031746
3 0.5275858480749219 0.3489285714285715 0.07337148803329864 0.15490079365079365
3 0.5791259105098855 0.45759920634920637 0.06347554630593132 0.06021825396825401
3 0.8840166493236212 0.0978373015873016 0.06458896982310088 0.1642063492063492
3 0.8803329864724245 0.5800396825396825 0.06488033298647233 0.15914682539682543
3 0.5817169614984391 0.9325198412698413 0.06161290322580649 0.06069444444444451
3 0.5305619146722165 0.8248015873015873 0.07252861602497403 0.15476190476190477
3 0.3380437044745057 0.5946626984126984 0.0606867845993757 0.15712301587301575