1 0.11824620573355818 0.08414141414141414 0.028634064080944346 0.09892255892255893
1 0.13369308600337268 0.18501683501683502 0.05372681281618888 0.052693602693602716
1 0.172141652613828 0.1088888888888889 0.026391231028667802 0.09956228956228955
1 0.26721753794266445 0.18373737373737373 0.0672512647554806 0.05909090909090908
1 0.29376053962900506 0.07902356902356902 0.026391231028667753 0.1027946127946128
4 0.21686340640809443 0.10922558922558921 0.050185497470489025 0.11821548821548822
0 0.32399662731871837 0.18983164983164985 0.025733558178752093 0.10087542087542085
3 0.37001686340640805 0.08350168350168351 0.11389544688026985 0.12333333333333334
3 0.4580101180438449 0.3048148148148148 0.14124789207419897 0.31542087542087544
0 0.46123102866779087 0.07902356902356902 0.05116357504215857 0.05269360269360269
1 0.6249915682967959 0.0771043771043771 0.05180438448566615 0.05010101010101011
1 0.7911804384485667 0.24828282828282827 0.07013490725126481 0.06875420875420873
1 0.8659865092748735 0.24892255892255893 0.06789207419898818 0.061043771043771025
3 0.8056661045531197 0.7972390572390572 0.11903878583473858 0.31734006734006726
1 0.5870320404721754 0.8280808080808081 0.02155143338954464 0.09249158249158258
1 0.4745868465430017 0.838013468013468 0.027032040472175334 0.10343434343434353
1 0.44352445193929174 0.751952861952862 0.02605396290050593 0.12784511784511773
2 0.4023440134907251 0.6462626262626262 0.04600337268128167 0.1631649831649831
2 0.17342327150084316 0.7008754208754209 0.13578414839797637 0.1695959595959596