1 0.04559861591695502 0.06756844547563806 0.054719723183391 0.016510440835266815
1 0.103280276816609 0.06756844547563806 0.0542629757785467 0.017122969837587
1 0.30322491349480973 0.029503480278422273 0.020062283737024227 0.02659860788863109
1 0.31485121107266434 0.05702088167053364 0.039667820069204184 0.014371229698375875
1 0.34676816608996536 0.036691415313225055 0.021432525951557074 0.026292343387470996
1 0.42428373702422145 0.05564733178654292 0.056996539792387474 0.016510440835266826
1 0.4432041522491349 0.0282830626450116 0.020062283737024227 0.027823665893271465
1 0.7094948096885814 0.025071925754060326 0.04012456747404845 0.014064965197215779
1 0.8412664359861592 0.06986078886310905 0.05653979238754313 0.0174292343387471
1 0.9010034602076125 0.06894663573085848 0.05745328719723182 0.01681670533642692
1 0.6853287197231833 0.22380510440835266 0.020975778546712766 0.02568445475638052
1 0.595044982698962 0.2265568445475638 0.023709342560553626 0.03669141531322503
1 0.567916955017301 0.2048491879350348 0.024166089965397975 0.03852436194895591
1 0.04514186851211073 0.31858468677494195 0.05745328719723184 0.01712296983758705
1 0.10464359861591696 0.3190440835266821 0.05516955017301037 0.01681670533642692
1 0.04582698961937716 0.5680742459396751 0.05699653979238755 0.0177354988399071
1 0.10395847750865052 0.5673085846867749 0.056539792387543246 0.01681670533642681
1 0.04993079584775087 0.8108352668213457 0.05426297577854671 0.015897911832946737
1 0.10738408304498269 0.8119071925754061 0.05516955017301037 0.016204176334106764
3 0.06041522491349481 0.4606032482598608 0.09712110726643598 0.08224593967517402
3 0.06224221453287197 0.708106728538283 0.09438754325259514 0.08132714617169362
3 0.06680276816608996 0.9467378190255221 0.09347404844290658 0.08041299303944324
1 0.3054117647058823 0.2828399071925754 0.019799307958477518 0.02615313225058
1 0.3163598615916955 0.30979582366589326 0.03990311418685119 0.013276102088167006
1 0.3478615916955017 0.2902830626450116 0.018297577854671277 0.02615313225058
1 0.4246643598615917 0.30788399071925754 0.05610380622837366 0.015085846867749416
1 0.4428166089965398 0.28143387470997683 0.020401384083044996 0.026955916473317826
1 0.7053217993079585 0.2791183294663573 0.039003460207612466 0.013480278422273761
1 0.8359792387543252 0.32156380510440835 0.05610380622837382 0.015893271461716936
1 0.8952318339100346 0.3217679814385151 0.05640138408304498 0.016696055684454765
1 0.6826712802768167 0.47143387470997683 0.020103806228373673 0.025146171693735526
1 0.5925190311418685 0.4733457076566125 0.022802768166089997 0.03339211136890953
1 0.5670173010380624 0.4537308584686775 0.023397923875432488 0.036812064965197185
1 0.30448442906574397 0.5307285382830627 0.019051903114186832 0.025865429234338645
1 0.3152595155709343 0.5569002320185614 0.03932179930795851 0.013030162412993006
1 0.34667820069204147 0.5378051044083527 0.019889273356401352 0.025763341067285374
1 0.4232871972318339 0.5555359628770302 0.05649826989619384 0.0157587006960557
1 0.44182006920415223 0.5291647331786542 0.02033910034602083 0.026668213457076474
1 0.7028442906574395 0.5264408352668214 0.040678200692041505 0.01272853828306257
1 0.8342076124567475 0.5685800464037123 0.05609688581314875 0.015197215777262182
1 0.893273356401384 0.5694524361948956 0.05460899653979229 0.014946635730858486
1 0.68040830449827 0.7194153132250579 0.018948096885813226 0.025410672853828406
1 0.590318339100346 0.7192900232018561 0.02229065743944639 0.03163805104408345
1 0.5644982698961938 0.7007331786542923 0.023404844290657395 0.036867749419953515
1 0.3027750865051903 0.7778283062645012 0.01857439446366784 0.025656612529002303
1 0.3141038062283737 0.8034849187935035 0.039010380622837376 0.012705336426914203
1 0.3447543252595156 0.7850533642691415 0.01931487889273354 0.025656612529002303
1 0.42110034602076124 0.8024918793503479 0.05535640138408305 0.015693735498839984
1 0.4400415224913495 0.7755870069605569 0.019688581314878925 0.025656612529002303
1 0.701764705882353 0.7735962877030162 0.03937716262975785 0.012705336426914203
1 0.8317923875432527 0.8140742459396751 0.05349480968858144 0.015443155452436288
1 0.8895640138408305 0.814199535962877 0.05312802768166089 0.014696055684454791
1 0.6772456747404845 0.9575591647331786 0.017833910034602062 0.021921113689095027
1 0.588643598615917 0.9592993039443155 0.022664359861591696 0.03138747099767986
1 0.5626366782006921 0.9408677494199534 0.023404844290657395 0.03387935034802784
3 0.05824913494809689 0.21092343387470996 0.09868512110726643 0.0836334106728538
3 0.5015155709342561 0.02374477958236659 0.08228373702422151 0.037712296983758706
3 0.5808719723183391 0.08593503480278422 0.11012456747404836 0.08294199535962878
3 0.8631695501730103 0.2131183294663573 0.0951141868512111 0.08396751740139213
3 0.5035086505190312 0.2806171693735499 0.08992387543252599 0.030547563805104375
3 0.5775017301038062 0.3374199535962877 0.10748788927335635 0.079860788863109
3 0.8594740484429066 0.46230162412993037 0.08962629757785483 0.07966125290023206
3 0.5030519031141868 0.5300185614849188 0.0900692041522492 0.02957308584686776
3 0.5786159169550174 0.5852018561484919 0.1065536332179931 0.07891879350348036
3 0.8562560553633217 0.7090301624129931 0.0898408304498271 0.07813921113689089
3 0.5006089965397924 0.77861716937355 0.087757785467128 0.03367053364269139
3 0.5778477508650519 0.8310487238979118 0.10832525951557091 0.07824593967517396
3 0.849910034602076 0.9468584686774942 0.08883737024221446 0.07512761020881664
2 0.3536885813148789 0.9334106728538283 0.10607612456747408 0.050900232018561406
2 0.5311972318339101 0.91707656612529 0.03281660899653984 0.043118329466357345
2 0.5333287197231834 0.674431554524362 0.034865051903114265 0.042482598607888715
2 0.35348096885813146 0.6909512761020882 0.1069342560553633 0.04900232018561481
2 0.35572318339100345 0.4418932714617169 0.10608996539792384 0.04366589327146168
2 0.535044982698962 0.4271322505800464 0.036076124567474124 0.04202784222737816
2 0.3562837370242215 0.19111832946635732 0.10784083044982698 0.04547099767981439
2 0.536401384083045 0.17804176334106728 0.03467128027681655 0.042909512761020896
4 0.3815017301038062 0.035851508120649654 0.03680968858131492 0.028682134570765662
4 0.38258131487889274 0.28958700696055684 0.03797923875432534 0.028593967517401342
4 0.381840830449827 0.5369095127610208 0.03620761245674736 0.028153132250580082
4 0.38027681660899654 0.7839025522041763 0.036719723183390965 0.027809744779582292
0 0.466401384083045 0.8040510440835267 0.01822837370242209 0.02371229698375866
0 0.5724913494809688 0.7744083526682134 0.03889965397923878 0.012584686774941945
0 0.46830449826989623 0.5572529002320186 0.018768166089965323 0.02444083526682138
0 0.5742629757785467 0.527522041763341 0.03916955017301032 0.012403712296983766
0 0.46993771626297576 0.30990719257540605 0.018768166089965323 0.02553596287703015
0 0.5754878892733565 0.2799953596287703 0.03944636678200692 0.012403712296983766
0 0.4697993079584775 0.05782366589327147 0.017951557093425642 0.025902552204176338
0 0.5773910034602077 0.02672389791183295 0.03944636678200692 0.013317865429234337