1 0.12579200000000001 0.09241935483870967 0.023823999999999977 0.09364516129032259
1 0.17728 0.12293548387096774 0.02584000000000001 0.09932258064516128
1 0.13912 0.19093548387096773 0.048863999999999984 0.05129032258064518
4 0.220288 0.11806451612903227 0.04886400000000001 0.11561290322580646
1 0.274 0.19458064516129034 0.07308800000000001 0.06512903225806453
1 0.298224 0.0944516129032258 0.028672000000000024 0.09932258064516128
0 0.331136 0.2047741935483871 0.029072000000000025 0.09687096774193552
3 0.37556799999999996 0.10219354838709677 0.11548800000000001 0.11967741935483873
3 0.47449600000000003 0.3195483870967742 0.14537600000000003 0.3118387096774194
0 0.466624 0.09974193548387097 0.05047999999999993 0.059419354838709686
1 0.630576 0.10706451612903226 0.055328000000000065 0.05619354838709678
1 0.8016 0.28048387096774197 0.07512000000000008 0.06593548387096773
1 0.878128 0.2849677419354839 0.0722880000000001 0.06677419354838705
3 0.828656 0.8194516129032258 0.126 0.3134516129032259
1 0.486608 0.8463225806451613 0.03312000000000007 0.1457419354838709
1 0.453088 0.762483870967742 0.03150400000000009 0.1457419354838709
2 0.41534399999999994 0.6521612903225806 0.04724799999999996 0.16119354838709668
2 0.18575999999999998 0.7026451612903225 0.136496 0.1726129032258064
1 0.6017600000000001 0.841741935483871 0.02489599999999991 0.09580645161290328