3 0.4001865369018654 0.40151724137931033 0.05281427412814275 0.15631034482758616
1 0.38953771289537714 0.12551724137931033 0.03316301703163016 0.03094827586206896
1 0.4252068126520681 0.12710344827586206 0.03296025952960263 0.029965517241379303
1 0.30790754257907543 0.04155172413793104 0.02296025952960255 0.022224137931034484
3 0.2300486618004866 0.15391379310344827 0.05864557988645578 0.14932758620689654
2 0.20334144363341447 0.32498275862068965 0.018864557988645596 0.0778103448275862
1 0.22268450932684508 0.37839655172413794 0.013211678832116758 0.06939655172413793
1 0.2376480129764801 0.4147413793103448 0.012433090024330934 0.057827586206896535
1 0.2930332522303325 0.4159827586206897 0.010884022708840193 0.04544827586206899
0 0.22948905109489048 0.042551724137931034 0.02292781832927817 0.021482758620689657
1 0.14904298459042986 0.043172413793103444 0.011662611516626111 0.046672413793103454
1 0.13728304947283052 0.0941896551724138 0.03128142741281427 0.026431034482758617
4 0.11173560421735605 0.05782758620689655 0.020989456609894562 0.05287931034482759
1 0.0913300892133009 0.05882758620689655 0.011289537712895367 0.04541379310344828
1 0.06571776155717762 0.045534482758620695 0.011532846715328466 0.04463793103448276
1 0.07227899432278995 0.0954655172413793 0.02269261962692619 0.02167241379310346
3 0.18593673965936738 0.045120689655172415 0.053665855636658544 0.05434482758620689
0 0.16454176804541767 0.09905172413793104 0.010794809407948096 0.040413793103448274
2 0.09387672343876724 0.35244827586206895 0.06435523114355232 0.07851724137931038
1 0.5488240064882401 0.059068965517241376 0.010884022708840287 0.04451724137931035
1 0.5564963503649635 0.11148275862068965 0.021605839416058474 0.022431034482758617
1 0.5765287915652879 0.0741551724137931 0.010884022708840287 0.04522413793103449
1 0.6247688564476885 0.11043103448275862 0.028856447688564418 0.02594827586206897
1 0.6368045417680454 0.058551724137931034 0.0103892944038929 0.04277586206896552
0 0.6540389294403892 0.11429310344827587 0.010884022708840287 0.04556896551724139
0 0.7224817518248176 0.0575 0.021111111111111087 0.021034482758620694
3 0.7258637469586374 0.17155172413793104 0.06942416869424162 0.15755172413793103
1 0.8057583130575832 0.056965517241379306 0.022100567721005677 0.023482758620689655
1 0.8923357664233577 0.1446206896551724 0.032319545823195385 0.026999999999999993
1 0.9298540145985401 0.1458448275862069 0.03413625304136265 0.02734482758620692
3 0.9058637469586375 0.42589655172413793 0.062019464720194484 0.1628620689655172
1 0.7909164639091647 0.43998275862068964 0.010551500405514997 0.047672413793103406
1 0.732124898621249 0.4436551724137931 0.012700729927007366 0.06696551724137936
1 0.7157177615571776 0.40194827586206894 0.013519870235198761 0.065551724137931
2 0.6958475263584752 0.3470689655172414 0.020616382806163888 0.08203448275862066
2 0.580632603406326 0.37651724137931036 0.06737226277372257 0.08393103448275863
4 0.5979399837793998 0.0726551724137931 0.022043795620438008 0.052189655172413786
3 0.6755717761557177 0.05770689655172414 0.05813463098134636 0.05958620689655173
1 0.06157339821573398 0.5235689655172414 0.01011354420113544 0.04449999999999991
1 0.06741281427412815 0.5747413793103449 0.021800486618004863 0.02075862068965511
1 0.08729927007299271 0.538948275862069 0.010291970802919706 0.04560344827586215
1 0.13343065693430659 0.5752931034482759 0.030348742903487443 0.02632758620689652
1 0.145117599351176 0.5233793103448275 0.010113544201135465 0.04634482758620689
1 0.3053284671532847 0.5231896551724138 0.02284671532846712 0.021500000000000047
1 0.3865206812652068 0.611448275862069 0.031046228710462264 0.028172413793103503
1 0.4234063260340632 0.6131206896551724 0.03192214111922138 0.027810344827586198
1 0.2900648824006488 0.9043793103448275 0.010462287104622853 0.045982758620689686
1 0.23442011354420114 0.9075344827586207 0.01255474452554746 0.06786206896551716
1 0.21881589618815897 0.8645172413793105 0.013430656934306525 0.06860344827586211
2 0.19953771289537714 0.8108620689655173 0.019537712895377108 0.0814655172413793
2 0.09036496350364964 0.8359655172413794 0.06667477696674777 0.08120689655172418
4 0.10840227088402271 0.5361724137931034 0.021103000811030004 0.0519137931034483
0 0.16095701540957016 0.5786724137931034 0.010162206001622038 0.045810344827586294
0 0.2264071370640714 0.5225689655172413 0.02277372262773726 0.021086206896551756
3 0.182676399026764 0.524 0.05619626926196269 0.05882758620689656
3 0.22812652068126518 0.6372068965517241 0.06318734793187346 0.15822413793103446
3 0.3974290348742903 0.8899655172413792 0.053609083536090806 0.15948275862068967
1 0.5471127331711274 0.5472758620689655 0.010746147607461476 0.04618965517241373
1 0.5740875912408759 0.5622931034482759 0.010981346309813433 0.04743103448275861
1 0.5541200324412003 0.5991724137931034 0.021962692619626866 0.023344827586206835
1 0.622911597729116 0.6010344827586207 0.03364152473641526 0.029051724137931074
1 0.6344201135442011 0.5486379310344828 0.012027575020275691 0.04544827586206899
0 0.6518815896188159 0.6064999999999999 0.010746147607461476 0.048413793103448344
0 0.7200405515004055 0.5501206896551724 0.023244120032441265 0.024086206896551773
3 0.6731954582319546 0.5505 0.05454987834549878 0.056120689655172334
3 0.7230656934306569 0.6661551724137931 0.07004866180048654 0.16565517241379318
1 0.8050689375506893 0.5507931034482758 0.02319545823195451 0.023775862068965453
1 0.8904298459042985 0.642155172413793 0.034971613949716054 0.027275862068965602
1 0.9280454176804541 0.6432758620689656 0.03532035685320371 0.028034482758620673
3 0.903852392538524 0.9210344827586208 0.06252230332522316 0.1551896551724138
1 0.730786699107867 0.937396551724138 0.014030819140308154 0.06210344827586204
1 0.7146147607461476 0.8973965517241379 0.01369829683698305 0.06772413793103443
2 0.6944768856447688 0.8416034482758621 0.023276561232765648 0.0817586206896551
2 0.5782725060827251 0.868103448275862 0.06776155717761553 0.08281034482758616
4 0.5957826439578264 0.5611724137931035 0.022376317923763114 0.05262068965517238
1 0.7896999188969992 0.9392413793103448 0.011905920519059256 0.05018965517241362