1 0.1078188775510204 0.20291120815138283 0.017984693877551014 0.04040756914119358
1 0.11756377551020408 0.2460844250363901 0.03817602040816327 0.020596797671033444
1 0.14823979591836733 0.21433770014556042 0.017882653061224503 0.04126637554585156
1 0.2202168367346939 0.24457059679767104 0.04798469387755103 0.024104803493449786
1 0.23919642857142856 0.20248908296943233 0.01719387755102043 0.03882096069868998
1 0.4903954081632653 0.1994614264919942 0.03713010204081634 0.020363901018922867
1 0.6174489795918368 0.2720669577874818 0.04678571428571422 0.023056768558951928
1 0.6702551020408164 0.2729839883551674 0.04924744897959178 0.025312954876273632
1 0.4632525510204082 0.5175254730713247 0.016262755102040817 0.03967976710334788
1 0.37688775510204087 0.5198981077147016 0.021122448979591767 0.05620087336244543
1 0.35243622448979595 0.48912663755458513 0.019885204081632694 0.05154294032023285
4 0.18230867346938776 0.21388646288209606 0.035369897959183695 0.04796215429403201
0 0.26375 0.2489374090247453 0.016313775510204107 0.03838427947598254
0 0.36808673469387754 0.20181950509461427 0.03691326530612252 0.01975254730713245
3 0.2972831632653061 0.20312954876273656 0.085344387755102 0.04659388646288208
3 0.36339285714285713 0.2939446870451237 0.10534438775510208 0.13344978165938864
3 0.6266198979591836 0.503551673944687 0.08558673469387751 0.13110625909752555
2 0.32285714285714284 0.443056768558952 0.031581632653061215 0.0665938864628821
2 0.1518622448979592 0.46719068413391557 0.10389030612244897 0.07355167394468701
1 0.0976530612244898 0.6120524017467249 0.015701530612244902 0.03786026200873361
1 0.10817602040816326 0.6560407569141193 0.03477040816326529 0.018369723435225624
1 0.13927295918367347 0.624745269286754 0.017091836734693885 0.03967976710334788
1 0.21128826530612246 0.655924308588064 0.04906887755102037 0.02085880640465799
1 0.22973214285714288 0.6107569141193595 0.01589285714285712 0.04033478893740908
4 0.1714795918367347 0.6238282387190685 0.0349234693877551 0.050232896652110615
0 0.2519515306122449 0.6610771470160117 0.014272959183673467 0.033668122270742354
0 0.3565178571428571 0.6103784570596797 0.03275510204081626 0.017394468704512438
3 0.2890051020408163 0.6127947598253275 0.0838392857142857 0.04885007278020371
3 0.3551785714285714 0.7059097525473071 0.10464285714285713 0.13228529839883552
1 0.4805484693877551 0.6100145560407569 0.03242346938775505 0.016652110625909832
1 0.6052295918367347 0.6832751091703058 0.04312499999999993 0.020349344978165967
1 0.6598596938775511 0.6843813682678311 0.046045918367346894 0.019606986899563358
3 0.6183163265306122 0.9201601164483261 0.085765306122449 0.13852983988355178
1 0.4536352040816326 0.9358224163027656 0.014910714285714355 0.03551673944687058
1 0.3673852040816326 0.9376855895196508 0.018801020408163276 0.0481077147016011
1 0.3427423469387755 0.9036390101892284 0.018801020408163276 0.04662299854439588
2 0.3130739795918367 0.8555312954876274 0.03015306122448978 0.06809315866084421
2 0.1422704081632653 0.8831004366812227 0.1029719387755102 0.06994177583697228
2 0.895905612244898 0.9002328966521107 0.09591836734693883 0.07390101892285296
1 0.8516326530612244 0.6264046579330422 0.016632653061224443 0.03720524017467241
1 0.8627806122448979 0.6713973799126638 0.034936224489796046 0.018602620087336205
1 0.8925510204081633 0.6400727802037846 0.016632653061224443 0.041004366812227015
1 0.9665816326530612 0.6723435225618631 0.04623724489795918 0.023537117903930073
1 0.985204081632653 0.6279330422125182 0.017627551020408083 0.0394759825327511
4 0.9263265306122449 0.6395050946142649 0.03426020408163252 0.04593886462882088
2 0.9038647959183673 0.4789519650655022 0.09950255102040816 0.06676855895196507
1 0.8588775510204082 0.21503639010189227 0.017334183673469283 0.03733624454148468
1 0.8690178571428571 0.2588937409024745 0.036964285714285734 0.01829694323144104
1 0.899923469387755 0.22754002911208152 0.018979591836734835 0.03994177583697234
1 0.9715688775510205 0.25851528384279476 0.04971938775510206 0.022765647743813663
1 0.990701530612245 0.2148471615720524 0.016683673469387664 0.04144104803493445
4 0.9321556122448978 0.22548762736535663 0.034349489795918446 0.04554585152838431
2 0.9099362244897959 0.07229985443959243 0.09619897959183683 0.0684570596797671
3 0.6346938775510205 0.09804949053857351 0.0848979591836734 0.12818049490538574
1 0.4724362244897959 0.11291120815138281 0.018647959183673474 0.03841339155749634
1 0.38565051020408164 0.11382823871906841 0.022066326530612187 0.05892285298398834
1 0.36188775510204085 0.07877729257641922 0.02366071428571423 0.062037845705967966
2 0.3315178571428572 0.035429403202328964 0.03434948979591834 0.06879184861717612
2 0.15956632653061223 0.060742358078602614 0.10622448979591839 0.0721688500727802