1 0.149547 0.274544 0.025203 0.055542
1 0.162719 0.325043 0.050422 0.030293
1 0.200250 0.288124 0.026922 0.058692
1 0.291922 0.323460 0.065891 0.037246
1 0.311688 0.270757 0.025203 0.056799
1 0.622516 0.266024 0.049844 0.033442
1 0.776078 0.350912 0.068187 0.039139
1 0.846266 0.351859 0.066469 0.039759
1 0.589000 0.648503 0.026359 0.056179
1 0.484719 0.652599 0.029797 0.077005
1 0.455500 0.610000 0.030937 0.078898
1 0.140953 0.761153 0.024063 0.054286
1 0.155562 0.812909 0.046406 0.029036
1 0.191375 0.775043 0.026359 0.055542
1 0.279891 0.811343 0.062453 0.034716
1 0.304531 0.759897 0.029219 0.053012
1 0.613641 0.757367 0.051562 0.030293
1 0.768047 0.843838 0.063594 0.037866
1 0.836812 0.846041 0.063594 0.037246
1 0.462953 0.123391 0.029797 0.065009
1 0.493891 0.165990 0.030937 0.075731
1 0.598453 0.160947 0.024641 0.046713
2 0.214281 0.099398 0.132922 0.086472
2 0.424563 0.071635 0.046984 0.090258
2 0.417109 0.557625 0.043547 0.091515
2 0.204828 0.587917 0.127766 0.092771
4 0.241797 0.283701 0.046984 0.061222
4 0.233188 0.773460 0.050422 0.065009
0 0.343234 0.325215 0.027172 0.052874
0 0.470703 0.267608 0.051172 0.030430
0 0.334859 0.817780 0.028531 0.057367
0 0.461656 0.759432 0.048453 0.029432
3 0.384672 0.272100 0.107312 0.062358
3 0.467984 0.381842 0.138109 0.161119
3 0.800125 0.140912 0.115922 0.165112
3 0.789031 0.629243 0.107313 0.170086
3 0.458484 0.874148 0.135391 0.166093
3 0.372891 0.761170 0.105500 0.065835