3 0.270937 0.144595 0.063938 0.097681
3 0.231547 0.078578 0.054250 0.038884
3 0.426109 0.290678 0.051344 0.095886
3 0.267062 0.437199 0.063297 0.100394
3 0.227031 0.372538 0.054906 0.039803
3 0.423203 0.586915 0.055219 0.102210
3 0.260281 0.740438 0.065875 0.103567
3 0.419016 0.895799 0.057813 0.108534
3 0.713781 0.743282 0.065000 0.104048
3 0.671422 0.673348 0.053469 0.040591
3 0.876719 0.903479 0.054875 0.107593
3 0.716453 0.440044 0.063594 0.098906
3 0.672266 0.372057 0.055156 0.040197
3 0.874891 0.592166 0.051781 0.105230
3 0.716313 0.144880 0.063312 0.097330
3 0.673250 0.078862 0.052625 0.038621
3 0.874047 0.292057 0.052906 0.102473
1 0.332969 0.011816 0.015313 0.032823
1 0.283203 0.015317 0.015156 0.042888
1 0.118438 0.081291 0.014063 0.033042
1 0.124766 0.112910 0.026094 0.018381
1 0.142500 0.088950 0.012812 0.033917
1 0.185000 0.109409 0.030938 0.017943
1 0.196016 0.079212 0.013594 0.031510
1 0.344687 0.075930 0.024688 0.015317
1 0.418281 0.124617 0.032188 0.020350
1 0.451016 0.123851 0.032031 0.019694
1 0.329609 0.303501 0.012656 0.028884
1 0.279062 0.307112 0.013438 0.042232
1 0.264766 0.282057 0.014844 0.042013
1 0.112797 0.374092 0.012812 0.031400
1 0.118609 0.404092 0.021750 0.016761
1 0.137234 0.381882 0.012812 0.030941
1 0.180563 0.403961 0.032375 0.018425
1 0.192797 0.371619 0.013313 0.034004
1 0.341078 0.366783 0.023937 0.016761
1 0.415172 0.417659 0.032547 0.019365
1 0.448125 0.416958 0.032031 0.018884
1 0.325313 0.599934 0.012984 0.031641
1 0.274562 0.602298 0.012641 0.040131
1 0.259641 0.578096 0.015172 0.043217
1 0.106766 0.672998 0.011828 0.029497
1 0.113781 0.706499 0.022531 0.016302
1 0.131047 0.682429 0.012750 0.032845
1 0.174641 0.703523 0.032328 0.020175
1 0.186188 0.670919 0.012922 0.033632
1 0.336094 0.666849 0.023750 0.017287
1 0.411172 0.719584 0.031719 0.022101
1 0.444844 0.719365 0.032500 0.020788
1 0.320234 0.910394 0.010781 0.027352
1 0.268281 0.912035 0.013438 0.041575
1 0.253672 0.882932 0.012969 0.041575
1 0.775234 0.010722 0.012344 0.032385
1 0.724219 0.014442 0.013750 0.043326
1 0.562812 0.081510 0.013438 0.032166
1 0.568125 0.112801 0.024062 0.017724
1 0.586094 0.089497 0.013125 0.031947
1 0.628672 0.111050 0.032344 0.019037
1 0.639375 0.079103 0.013125 0.031729
1 0.786953 0.074070 0.024844 0.017287
1 0.862500 0.125055 0.033750 0.020788
1 0.896406 0.124726 0.033438 0.020569
1 0.774922 0.303611 0.013594 0.029978
1 0.724062 0.304486 0.015000 0.040044
1 0.709844 0.281400 0.015000 0.044639
1 0.561094 0.374836 0.012813 0.033698
1 0.566016 0.405142 0.024531 0.018162
1 0.584688 0.381947 0.012813 0.033042
1 0.628672 0.403720 0.033906 0.017068
1 0.638359 0.371772 0.012344 0.031072
1 0.787578 0.370022 0.025156 0.019256
1 0.862734 0.420460 0.032969 0.021225
1 0.897344 0.420788 0.033125 0.020569
1 0.776328 0.602516 0.012969 0.033479
1 0.723594 0.603501 0.015625 0.038950
1 0.708594 0.580197 0.014375 0.043545
1 0.557578 0.673851 0.012344 0.032166
1 0.563516 0.707330 0.024219 0.018600
1 0.581641 0.683370 0.013594 0.033698
1 0.625547 0.706236 0.033281 0.019912
1 0.637109 0.672867 0.012031 0.033698
1 0.788984 0.671882 0.024219 0.017287
1 0.865156 0.725711 0.033438 0.020788
1 0.900313 0.726258 0.035625 0.020131
1 0.776094 0.914551 0.012813 0.032166
1 0.723359 0.915208 0.015469 0.043545
1 0.708125 0.889934 0.014063 0.046827
4 0.162969 0.087309 0.024688 0.038074
4 0.156797 0.380306 0.022969 0.037637
4 0.152031 0.681619 0.022500 0.037637
4 0.601094 0.681619 0.022500 0.036761
4 0.603906 0.381400 0.021875 0.035449
4 0.605625 0.088403 0.023750 0.037199
0 0.211625 0.112188 0.013563 0.031204
0 0.272281 0.076521 0.022875 0.020635
0 0.206391 0.406674 0.012797 0.029584
0 0.268500 0.369212 0.025000 0.017637
3 0.221563 0.671204 0.054578 0.039803
0 0.200969 0.707243 0.012797 0.033654
0 0.262875 0.668031 0.025781 0.018731
0 0.652500 0.709409 0.013562 0.032560
0 0.713453 0.671947 0.027328 0.020635
0 0.653469 0.405996 0.013953 0.031488
0 0.713938 0.370306 0.024031 0.017090
0 0.654734 0.113829 0.014531 0.031751
0 0.714422 0.076652 0.024219 0.017637
2 0.144484 0.268731 0.063516 0.056608
2 0.246359 0.248906 0.022000 0.055449
2 0.138719 0.564836 0.064609 0.052757
2 0.241547 0.546740 0.021172 0.052757
2 0.132937 0.871160 0.064062 0.057768
2 0.236594 0.849015 0.023375 0.053523
2 0.586344 0.871160 0.065156 0.056980
2 0.690406 0.854223 0.022000 0.054683
2 0.588812 0.566193 0.063516 0.055449
2 0.690547 0.546937 0.023375 0.051597
2 0.589641 0.269125 0.061859 0.054289
2 0.690953 0.249300 0.022547 0.052363