1 0.132969 0.042422 0.011875 0.020781
1 0.138594 0.063906 0.021250 0.011875
1 0.157187 0.047578 0.011875 0.020781
1 0.197969 0.062187 0.027812 0.012813
1 0.208828 0.039922 0.012656 0.021406
4 0.175781 0.047266 0.022500 0.027344
0 0.222187 0.063828 0.010937 0.021094
3 0.242188 0.038594 0.050625 0.026563
0 0.281562 0.037109 0.022500 0.012344
3 0.280391 0.085234 0.062969 0.064531
1 0.352187 0.035625 0.021250 0.011875
1 0.423984 0.068594 0.030781 0.015312
1 0.457344 0.068984 0.030000 0.015469
3 0.432734 0.185781 0.052969 0.067812
1 0.338125 0.194453 0.012500 0.020781
1 0.275312 0.180547 0.013438 0.029844
1 0.290391 0.197188 0.015156 0.028438
2 0.257031 0.157578 0.022187 0.036406
2 0.158828 0.168828 0.061094 0.042969
1 0.565078 0.038750 0.012344 0.020937
1 0.570703 0.058984 0.023594 0.014531
1 0.587969 0.043281 0.013750 0.023750
1 0.629531 0.057109 0.031875 0.015781
1 0.640156 0.035078 0.013438 0.020781
4 0.607500 0.041406 0.022813 0.026562
0 0.654844 0.058594 0.012187 0.021875
0 0.713594 0.030781 0.023438 0.014063
3 0.673594 0.032813 0.050313 0.026562
3 0.715391 0.079609 0.057969 0.068281
1 0.785078 0.027969 0.022969 0.012500
1 0.858906 0.061797 0.032813 0.015156
1 0.892344 0.061328 0.031563 0.014531
3 0.870078 0.178516 0.050781 0.070469
1 0.774609 0.190547 0.010781 0.020156
1 0.724219 0.189141 0.013438 0.023906
1 0.709297 0.175078 0.013281 0.025781
2 0.692500 0.152109 0.018750 0.036406
2 0.592109 0.164922 0.061719 0.042031
3 0.239906 0.241578 0.051938 0.029406
3 0.280156 0.288813 0.063531 0.068406
3 0.432094 0.390109 0.052313 0.068469
3 0.279656 0.492484 0.063297 0.069109
3 0.238172 0.445656 0.052000 0.027766
3 0.431609 0.594688 0.050062 0.068781
3 0.234609 0.649422 0.052641 0.026484
3 0.275141 0.696578 0.067812 0.069109
3 0.429187 0.799594 0.052969 0.069750
3 0.270937 0.903250 0.063938 0.069750
3 0.231547 0.856109 0.054250 0.027766
3 0.716313 0.903453 0.063312 0.069500
3 0.673250 0.856312 0.052625 0.027578
3 0.716172 0.696328 0.061906 0.066687
3 0.674953 0.650891 0.053750 0.025891
3 0.873609 0.798766 0.051500 0.070063
3 0.715422 0.491094 0.059625 0.069094
3 0.674969 0.444203 0.053844 0.028891
3 0.872109 0.591703 0.052016 0.069094
3 0.715422 0.285281 0.060688 0.067766
3 0.673391 0.238906 0.050703 0.027578
3 0.872250 0.384172 0.050172 0.068562
1 0.130312 0.244844 0.012172 0.020734
1 0.136063 0.265016 0.022313 0.012406
1 0.153875 0.249797 0.012844 0.021188
1 0.195234 0.264562 0.031109 0.015109
1 0.206406 0.243375 0.014656 0.023219
1 0.349906 0.238984 0.023000 0.013531
1 0.423172 0.274031 0.032469 0.014656
1 0.455859 0.273469 0.030656 0.014875
1 0.337156 0.399281 0.012844 0.022094
1 0.287453 0.399281 0.014875 0.025250
1 0.273594 0.385297 0.015109 0.029312
1 0.127188 0.447234 0.012031 0.020438
1 0.132891 0.469094 0.024391 0.013781
1 0.149844 0.453734 0.012984 0.021391
1 0.192766 0.468156 0.032953 0.014734
1 0.203547 0.446609 0.013625 0.021391
1 0.348797 0.444312 0.023125 0.012359
1 0.421344 0.478766 0.032625 0.014094
1 0.454125 0.478922 0.032625 0.014734
1 0.335562 0.603422 0.012828 0.021063
1 0.286062 0.606031 0.013938 0.030406
1 0.271813 0.589875 0.014578 0.028516
1 0.122812 0.651797 0.013437 0.021719
1 0.129297 0.673516 0.023906 0.013594
1 0.147266 0.657734 0.014531 0.023594
1 0.189844 0.672344 0.032188 0.015000
1 0.200937 0.650000 0.014687 0.023438
1 0.348906 0.649453 0.024062 0.014219
1 0.420000 0.683125 0.032813 0.015625
1 0.453047 0.682969 0.032969 0.015938
1 0.332969 0.808437 0.015313 0.023438
1 0.283203 0.810937 0.015156 0.030625
1 0.268984 0.793594 0.016094 0.030313
1 0.118438 0.858047 0.014063 0.023594
1 0.124766 0.880625 0.026094 0.013125
1 0.142500 0.863516 0.012812 0.024219
1 0.185000 0.878125 0.030938 0.012813
1 0.196016 0.856563 0.013594 0.022500
1 0.344687 0.854219 0.024688 0.010937
1 0.418281 0.888984 0.032188 0.014531
1 0.451016 0.888437 0.032031 0.014063
1 0.564625 0.242797 0.011797 0.022266
1 0.570094 0.264406 0.022703 0.011797
1 0.588000 0.248578 0.011797 0.022922
1 0.630031 0.262016 0.030781 0.013531
1 0.640500 0.239406 0.011578 0.021609
1 0.785266 0.233625 0.022922 0.012656
1 0.859500 0.267797 0.032531 0.015062
1 0.893563 0.267031 0.032969 0.014406
1 0.774453 0.394563 0.013625 0.023891
1 0.725000 0.396234 0.014750 0.027250
1 0.709047 0.381391 0.015297 0.031172
1 0.564141 0.448125 0.011719 0.022188
1 0.569844 0.469453 0.024062 0.012656
1 0.587734 0.453516 0.012969 0.022969
1 0.629844 0.468359 0.031875 0.014844
1 0.640703 0.445547 0.013594 0.023594
1 0.786953 0.441563 0.024531 0.013750
1 0.860156 0.474766 0.033750 0.014844
1 0.894609 0.474141 0.033281 0.014219
1 0.774766 0.602109 0.014219 0.023281
1 0.723828 0.602891 0.016094 0.028906
1 0.708437 0.586641 0.016563 0.031719
1 0.563594 0.652969 0.014687 0.022813
1 0.569688 0.674766 0.024062 0.013281
1 0.587266 0.658750 0.013594 0.022813
1 0.629375 0.672891 0.034062 0.014531
1 0.640000 0.651172 0.013125 0.022031
1 0.786875 0.646719 0.025000 0.012187
1 0.862031 0.681641 0.032813 0.015469
1 0.896250 0.681016 0.033750 0.014531
1 0.775234 0.807656 0.012344 0.023125
1 0.724219 0.810312 0.013750 0.030937
1 0.709844 0.792969 0.015625 0.031563
1 0.562812 0.858203 0.013438 0.022969
1 0.568125 0.880547 0.024062 0.012656
1 0.586094 0.863906 0.013125 0.022812
1 0.628672 0.879297 0.032344 0.013594
1 0.639375 0.856484 0.013125 0.022656
1 0.786953 0.852891 0.024844 0.012344
1 0.862500 0.889297 0.033750 0.014844
1 0.896406 0.889062 0.033438 0.014688
4 0.172891 0.249609 0.022656 0.025156
4 0.169531 0.453047 0.022812 0.026406
4 0.166719 0.658281 0.022187 0.025938
4 0.162969 0.862344 0.024688 0.027188
4 0.605625 0.863125 0.023750 0.026562
4 0.605938 0.656953 0.023125 0.026094
4 0.606406 0.451250 0.023438 0.025625
4 0.606172 0.246094 0.023594 0.026875
0 0.220156 0.265891 0.012406 0.020937
0 0.278969 0.240109 0.023844 0.013563
0 0.218109 0.469078 0.012594 0.021516
0 0.278187 0.444562 0.024219 0.013562
0 0.275484 0.649016 0.025391 0.013172
0 0.215797 0.674312 0.012984 0.024219
0 0.211625 0.880109 0.013563 0.022281
0 0.272281 0.854641 0.022875 0.014734
0 0.654734 0.881281 0.014531 0.022672
0 0.714422 0.854734 0.024219 0.012594
0 0.654641 0.674594 0.013172 0.023250
0 0.715094 0.648438 0.024031 0.013172
0 0.655031 0.468984 0.012797 0.022484
0 0.714422 0.443297 0.023844 0.013766
0 0.655031 0.263266 0.012797 0.022672
0 0.713453 0.236625 0.023062 0.013953
2 0.155906 0.372703 0.062141 0.041516
2 0.256125 0.361984 0.018422 0.034922
2 0.153969 0.577266 0.064891 0.038219
2 0.253781 0.567359 0.022000 0.037125
2 0.149578 0.782938 0.064891 0.037125
2 0.250203 0.770969 0.022000 0.037937
2 0.144484 0.991891 0.063516 0.040422
2 0.246359 0.977734 0.022000 0.039594
2 0.589641 0.992172 0.061859 0.038766
2 0.690953 0.978016 0.022547 0.037391
2 0.591844 0.783062 0.063516 0.040141
2 0.691781 0.770281 0.021453 0.036562
2 0.593078 0.577547 0.064891 0.042062
2 0.690828 0.564625 0.022828 0.036562
2 0.592531 0.371594 0.064344 0.040969
2 0.691641 0.359500 0.021719 0.036016