1 0.120243 0.000522 0.025392 0.115696
1 0.133172 0.116783 0.051250 0.058130
1 0.172183 0.033826 0.025858 0.116261
1 0.267500 0.109565 0.073228 0.068261
1 0.784179 0.171696 0.072761 0.074130
1 0.860149 0.171957 0.074142 0.071435
1 0.593451 0.832913 0.027239 0.110391
1 0.479030 0.832391 0.029515 0.136000
1 0.446884 0.733217 0.029739 0.131696
4 0.214776 0.026174 0.048097 0.127826
3 0.460709 0.241609 0.135578 0.357522
3 0.812929 0.791565 0.116586 0.347696
0 0.322948 0.118261 0.027612 0.113043
2 0.184440 0.719957 0.134104 0.192261
2 0.406119 0.636957 0.046157 0.192261