1 0.116511 0.039297 0.022948 0.040469
1 0.130224 0.079766 0.047761 0.018906
1 0.168470 0.049141 0.025000 0.039531
1 0.262593 0.075625 0.070336 0.023437
1 0.284328 0.033906 0.025746 0.040625
1 0.606399 0.023328 0.049235 0.021625
1 0.772780 0.085016 0.070429 0.024000
1 0.847332 0.084250 0.072239 0.024844
1 0.583601 0.322438 0.023713 0.040266
1 0.472444 0.328922 0.029310 0.058203
1 0.440672 0.296656 0.030299 0.059297
1 0.119757 0.418859 0.024664 0.041500
1 0.133190 0.459141 0.048582 0.021875
1 0.171754 0.429281 0.025634 0.042328
1 0.265877 0.456281 0.071772 0.026375
1 0.287239 0.414563 0.027593 0.042328
1 0.611213 0.406906 0.050541 0.020859
1 0.776138 0.470188 0.072761 0.026375
1 0.851455 0.471719 0.071045 0.026578
1 0.587537 0.707062 0.026604 0.039266
1 0.475970 0.710438 0.032966 0.054594
1 0.442519 0.679250 0.031978 0.056438
1 0.120243 0.800188 0.025392 0.041578
1 0.133172 0.841969 0.051250 0.020891
1 0.172183 0.812156 0.025858 0.041781
1 0.267500 0.839375 0.073228 0.024531
1 0.290149 0.797687 0.027463 0.040812
1 0.614104 0.793813 0.051716 0.022031
1 0.784179 0.861703 0.072761 0.026641
1 0.860149 0.861797 0.074142 0.025672
4 0.209720 0.046531 0.047537 0.045000
4 0.213377 0.427266 0.047537 0.047828
4 0.214776 0.809406 0.048097 0.045938
3 0.359104 0.028672 0.112220 0.054828
3 0.454310 0.118734 0.135784 0.123438
3 0.804049 0.303875 0.121567 0.126562
3 0.363787 0.414313 0.114086 0.047937
3 0.457481 0.501250 0.139160 0.129078
3 0.808172 0.691250 0.116343 0.129391
3 0.365466 0.798813 0.112127 0.045578
3 0.460709 0.886828 0.135578 0.128484
0 0.317313 0.077250 0.023955 0.039906
0 0.446959 0.028422 0.047388 0.022078
0 0.450951 0.411125 0.050056 0.022734
0 0.320914 0.458156 0.026362 0.040578
0 0.322948 0.842500 0.027612 0.040625
0 0.453731 0.794375 0.051493 0.022500
2 0.180746 0.280641 0.133563 0.068234
2 0.400784 0.256031 0.044683 0.067031
2 0.183172 0.663359 0.134459 0.070312
2 0.403769 0.638109 0.047239 0.067266