1 0.125800 0.151199 0.040703 0.071708
1 0.126801 0.222594 0.037364 0.071084
1 0.045044 0.384072 0.031371 0.052381
1 0.421090 0.409015 0.054728 0.028686
1 0.428102 0.520000 0.078084 0.032430
1 0.388049 0.552118 0.082074 0.031806
1 0.050721 0.704565 0.054728 0.024943
1 0.104112 0.727323 0.037364 0.070460
1 0.068067 0.818654 0.058717 0.026190
1 0.106766 0.859819 0.030703 0.049885
1 0.056397 0.872282 0.059385 0.029934
1 0.612953 0.146831 0.038032 0.067964
1 0.612953 0.219787 0.039367 0.072956
1 0.530193 0.383760 0.032707 0.053005
1 0.906907 0.406831 0.060053 0.026814
1 0.916924 0.517816 0.076081 0.030558
1 0.872882 0.551494 0.080088 0.033038
1 0.534534 0.704253 0.052056 0.026814
1 0.588594 0.727011 0.036028 0.071084
1 0.554552 0.820837 0.056063 0.028062
1 0.539209 0.872282 0.056063 0.027438
1 0.590931 0.860443 0.032707 0.049885
3 0.049051 0.631297 0.067399 0.111609
3 0.159490 0.537767 0.162830 0.134056
3 0.402408 0.193284 0.161494 0.112233
3 0.889227 0.190788 0.164833 0.118473
3 0.648647 0.538391 0.165501 0.140296
3 0.535536 0.629425 0.060721 0.114105
0 0.108770 0.672135 0.056063 0.027438
0 0.048049 0.541823 0.030703 0.051133
0 0.533199 0.541199 0.033374 0.051133
0 0.593603 0.672447 0.054060 0.025567
4 0.067047 0.778604 0.061933 0.045567
4 0.550756 0.778604 0.063884 0.050115
2 0.366450 0.810722 0.091178 0.139869
2 0.336696 0.592956 0.097030 0.046010
2 0.849912 0.810952 0.085817 0.140328
2 0.820422 0.589524 0.094112 0.051018