1 0.243841 0.129672 0.062826 0.060641
1 0.246087 0.192734 0.065833 0.062266
1 0.090870 0.336453 0.054601 0.044516
1 0.114058 0.619188 0.098007 0.020969
1 0.215797 0.638219 0.066558 0.061609
1 0.152210 0.721766 0.100978 0.020328
1 0.127174 0.767422 0.101739 0.020641
1 0.226630 0.755328 0.056848 0.043547
1 0.760145 0.480766 0.137428 0.026500
1 0.836558 0.451687 0.140000 0.026500
1 0.821630 0.355063 0.099891 0.022453
1 0.273877 0.979953 0.062536 0.059781
3 0.322464 0.472000 0.311486 0.115844
3 0.101920 0.553141 0.131449 0.099828
3 0.776812 0.164938 0.309601 0.101469
0 0.099348 0.477953 0.058188 0.042844
0 0.222246 0.590688 0.101341 0.023375
2 0.708007 0.708641 0.164565 0.118172
2 0.661630 0.516625 0.167065 0.039625
4 0.144457 0.685000 0.110290 0.041531