1 0.116813 0.471746 0.022625 0.052083
1 0.135328 0.419306 0.059109 0.030536
1 0.216078 0.451091 0.020359 0.049563
1 0.247906 0.413929 0.041016 0.028373
1 0.260344 0.465813 0.023469 0.052440
1 0.463844 0.389861 0.056563 0.031964
1 0.524359 0.388056 0.058266 0.032679
1 0.662953 0.468333 0.041297 0.025853
1 0.933484 0.455397 0.021219 0.052440
1 0.950453 0.403135 0.057422 0.033393
1 0.801391 0.122103 0.026875 0.073274
1 0.773391 0.081528 0.026875 0.075417
1 0.679500 0.090317 0.023469 0.053512
1 0.147203 0.896925 0.058766 0.032341
1 0.128391 0.947103 0.022297 0.051091
1 0.226375 0.927421 0.023734 0.051468
1 0.258500 0.889206 0.041688 0.029405
1 0.271391 0.940476 0.024031 0.056250
1 0.473000 0.863829 0.059625 0.032341
1 0.533797 0.861627 0.056734 0.035298
1 0.669172 0.939940 0.041156 0.027798
1 0.935063 0.927540 0.020938 0.053175
1 0.953375 0.877083 0.058531 0.032639
1 0.805750 0.603810 0.025453 0.071607
1 0.777672 0.570873 0.026406 0.056508
1 0.686063 0.572083 0.022125 0.051052
4 0.181062 0.454861 0.043547 0.056667
4 0.995516 0.438889 0.042734 0.057698
4 0.997125 0.913869 0.041469 0.059960
4 0.192047 0.931786 0.040297 0.058135
2 0.199891 0.157103 0.114844 0.084405
2 0.212234 0.642421 0.111875 0.087321
2 0.023859 0.673135 0.040469 0.084405
2 0.835250 0.174623 0.039203 0.087520
2 0.837781 0.654782 0.037937 0.087520
3 0.053719 0.473194 0.098359 0.059365
0 0.087828 0.417163 0.022594 0.052877
0 0.099797 0.895159 0.021656 0.050595
0 0.795203 0.462103 0.042000 0.027103
0 0.801141 0.934306 0.040297 0.029683
0 0.907656 0.874107 0.019641 0.050317
0 0.904156 0.401171 0.021172 0.050496
3 0.497969 0.111587 0.093562 0.162103
3 0.792203 0.348929 0.110172 0.154901
3 0.869594 0.457599 0.095312 0.060218
3 0.873484 0.932520 0.092516 0.060694
3 0.796672 0.824802 0.108906 0.154762
3 0.507594 0.594663 0.091125 0.157123