1 0.190267 0.455397 0.030245 0.052440
1 0.214454 0.403135 0.081849 0.033393
1 0.327728 0.436369 0.031849 0.051726
1 0.375100 0.398115 0.057238 0.029802
1 0.390223 0.450198 0.032650 0.053512
1 0.001982 0.122103 0.038307 0.073274
1 0.682784 0.374742 0.084521 0.032024
1 0.770156 0.373552 0.082606 0.035079
1 0.965390 0.454623 0.060045 0.031687
1 0.192517 0.927540 0.029844 0.053175
1 0.218619 0.877083 0.083430 0.032639
1 0.330713 0.909266 0.030178 0.053472
1 0.377862 0.872103 0.057305 0.028095
1 0.393274 0.921806 0.033229 0.052579
1 0.008196 0.603810 0.036281 0.071607
1 0.681225 0.851329 0.082762 0.034901
1 0.768374 0.849821 0.083430 0.033710
1 0.962940 0.930476 0.057773 0.028889
1 0.988864 0.557540 0.022272 0.051587
4 0.278686 0.438889 0.060913 0.057698
4 0.280980 0.913869 0.059109 0.059960
2 0.050245 0.174623 0.055880 0.087520
2 0.317483 0.143313 0.168530 0.089127
2 0.053853 0.654782 0.054076 0.087520
2 0.319287 0.627480 0.164922 0.087520
0 0.001626 0.934306 0.057439 0.029683
0 0.153452 0.874107 0.027996 0.050317
0 0.148463 0.401171 0.030178 0.050496
3 0.099198 0.457599 0.135857 0.060218
3 0.751759 0.097837 0.138241 0.164206
3 0.743875 0.580040 0.138864 0.159147
3 0.104744 0.932520 0.131871 0.060694