1 0.118246 0.084141 0.028634 0.098923
1 0.133693 0.185017 0.053727 0.052694
1 0.172142 0.108889 0.026391 0.099562
1 0.267218 0.183737 0.067251 0.059091
1 0.293761 0.079024 0.026391 0.102795
4 0.216863 0.109226 0.050185 0.118215
0 0.323997 0.189832 0.025734 0.100875
3 0.370017 0.083502 0.113895 0.123333
3 0.458010 0.304815 0.141248 0.315421
0 0.461231 0.079024 0.051164 0.052694
1 0.624992 0.077104 0.051804 0.050101
1 0.791180 0.248283 0.070135 0.068754
1 0.865987 0.248923 0.067892 0.061044
3 0.805666 0.797239 0.119039 0.317340
1 0.587032 0.828081 0.021551 0.092492
1 0.474587 0.838013 0.027032 0.103434
1 0.443524 0.751953 0.026054 0.127845
2 0.402344 0.646263 0.046003 0.163165
2 0.173423 0.700875 0.135784 0.169596