1 0.736234 0.023166 0.042781 0.088465
1 0.532828 0.022730 0.050328 0.110145
1 0.150766 0.312391 0.124984 0.054637
1 0.193531 0.218724 0.044453 0.089321
1 0.784453 0.211793 0.088906 0.044233
1 0.729094 0.852246 0.040266 0.076317
1 0.529047 0.858304 0.051172 0.109273
1 0.470328 0.794136 0.052844 0.117948
3 0.330281 0.229273 0.198141 0.117221
3 0.504672 0.411809 0.244578 0.272407
2 0.399344 0.711309 0.074094 0.150113
4 0.058594 0.247674 0.082906 0.096817
0 0.253047 0.317819 0.041156 0.082553
0 0.492578 0.214620 0.087828 0.043813