1 0.157953 0.187375 0.128687 0.055594
1 0.200672 0.095234 0.045297 0.093688
1 0.801906 0.084422 0.090594 0.047359
1 0.747344 0.753594 0.047359 0.086484
1 0.543500 0.762859 0.053531 0.123547
1 0.482250 0.689766 0.054563 0.129719
1 0.199797 0.947641 0.046063 0.090766
1 0.792484 0.939844 0.088063 0.045391
3 0.332328 0.079953 0.185781 0.126984
3 0.511500 0.289359 0.248641 0.279281
3 0.336828 0.944891 0.203031 0.102859
2 0.004422 0.643531 0.243484 0.153109
2 0.411094 0.599500 0.078281 0.144484
4 0.061359 0.120719 0.083109 0.096578
4 0.063797 0.975094 0.085750 0.096281
0 0.499344 0.942797 0.089063 0.041766
0 0.260719 0.194703 0.040531 0.087219
0 0.503641 0.089984 0.089063 0.044844