1 0.125792 0.092419 0.023824 0.093645
1 0.177280 0.122935 0.025840 0.099323
1 0.139120 0.190935 0.048864 0.051290
4 0.220288 0.118065 0.048864 0.115613
1 0.274000 0.194581 0.073088 0.065129
1 0.298224 0.094452 0.028672 0.099323
0 0.331136 0.204774 0.029072 0.096871
3 0.375568 0.102194 0.115488 0.119677
3 0.474496 0.319548 0.145376 0.311839
0 0.466624 0.099742 0.050480 0.059419
1 0.630576 0.107065 0.055328 0.056194
1 0.801600 0.280484 0.075120 0.065935
1 0.878128 0.284968 0.072288 0.066774
3 0.828656 0.819452 0.126000 0.313452
1 0.486608 0.846323 0.033120 0.145742
1 0.453088 0.762484 0.031504 0.145742
2 0.415344 0.652161 0.047248 0.161194
2 0.185760 0.702645 0.136496 0.172613
1 0.601760 0.841742 0.024896 0.095806