3 0.770984 0.401517 0.101750 0.156310
1 0.750469 0.125517 0.063891 0.030948
1 0.819187 0.127103 0.063500 0.029966
1 0.593203 0.041552 0.044234 0.022224
3 0.443203 0.153914 0.112984 0.149328
2 0.391750 0.324983 0.036344 0.077810
1 0.429016 0.378397 0.025453 0.069397
1 0.457844 0.414741 0.023953 0.057828
1 0.564547 0.415983 0.020969 0.045448
0 0.442125 0.042552 0.044172 0.021483
1 0.287141 0.043172 0.022469 0.046672
1 0.264484 0.094190 0.060266 0.026431
4 0.215266 0.057828 0.040437 0.052879
1 0.175953 0.058828 0.021750 0.045414
1 0.126609 0.045534 0.022219 0.044638
1 0.139250 0.095466 0.043719 0.021672
3 0.358219 0.045121 0.103391 0.054345
0 0.317000 0.099052 0.020797 0.040414
2 0.180859 0.352448 0.123984 0.078517
1 0.118625 0.523569 0.019484 0.044500
1 0.129875 0.574741 0.042000 0.020759
1 0.168188 0.538948 0.019828 0.045603
1 0.257063 0.575293 0.058469 0.026328
1 0.279578 0.523379 0.019484 0.046345
1 0.588234 0.523190 0.044016 0.021500
1 0.744656 0.611448 0.059812 0.028172
1 0.815719 0.613121 0.061500 0.027810
1 0.558828 0.904379 0.020156 0.045983
1 0.451625 0.907534 0.024188 0.067862
1 0.421563 0.864517 0.025875 0.068603
2 0.384422 0.810862 0.037641 0.081466
2 0.174094 0.835966 0.128453 0.081207
4 0.208844 0.536172 0.040656 0.051914
0 0.310094 0.578672 0.019578 0.045810
0 0.436188 0.522569 0.043875 0.021086
3 0.351938 0.524000 0.108266 0.058828
3 0.439500 0.637207 0.121734 0.158224
3 0.765672 0.889966 0.103281 0.159483