1 0.019187 0.127103 0.063500 0.029966
1 0.257344 0.059069 0.020969 0.044517
1 0.272125 0.111483 0.041625 0.022431
1 0.310719 0.074155 0.020969 0.045224
1 0.403656 0.110431 0.055594 0.025948
1 0.426844 0.058552 0.020016 0.042776
0 0.460047 0.114293 0.020969 0.045569
0 0.591906 0.057500 0.040672 0.021034
3 0.598422 0.171552 0.133750 0.157552
1 0.752344 0.056966 0.042578 0.023483
1 0.919141 0.144621 0.062266 0.027000
1 0.991422 0.145845 0.065766 0.027345
3 0.945203 0.425897 0.119484 0.162862
1 0.723750 0.439983 0.020328 0.047672
1 0.610484 0.443655 0.024469 0.066966
1 0.578875 0.401948 0.026047 0.065552
2 0.540594 0.347069 0.039719 0.082034
2 0.318625 0.376517 0.129797 0.083931
4 0.351969 0.072655 0.042469 0.052190
3 0.501531 0.057707 0.112000 0.059586
1 0.015719 0.613121 0.061500 0.027810
1 0.254047 0.547276 0.020703 0.046190
1 0.306016 0.562293 0.021156 0.047431
1 0.267547 0.599172 0.042312 0.023345
1 0.400078 0.601034 0.064813 0.029052
1 0.422250 0.548638 0.023172 0.045448
0 0.455891 0.606500 0.020703 0.048414
0 0.587203 0.550121 0.044781 0.024086
3 0.496953 0.550500 0.105094 0.056121
3 0.593031 0.666155 0.134953 0.165655
1 0.751016 0.550793 0.044687 0.023776
1 0.915469 0.642155 0.067375 0.027276
1 0.987937 0.643276 0.068047 0.028034
3 0.941328 0.921034 0.120453 0.155190
1 0.607906 0.937397 0.027031 0.062103
1 0.576750 0.897397 0.026391 0.067724
2 0.537953 0.841603 0.044844 0.081759
2 0.314078 0.868103 0.130547 0.082810
4 0.347813 0.561172 0.043109 0.052621
1 0.721406 0.939241 0.022938 0.050190