1 0.132078 0.217813 0.022031 0.043375
1 0.144016 0.264156 0.046766 0.022109
1 0.181594 0.230078 0.021906 0.044297
1 0.269766 0.262531 0.058781 0.025875
1 0.293016 0.217359 0.021063 0.041672
1 0.600734 0.214109 0.045484 0.021859
1 0.756375 0.292047 0.057312 0.024750
1 0.821063 0.293031 0.060328 0.027172
1 0.567484 0.555531 0.019922 0.042594
1 0.461688 0.558078 0.025875 0.060328
1 0.431734 0.525047 0.024359 0.055328
4 0.223328 0.229594 0.043328 0.051484
0 0.323094 0.267219 0.019984 0.041203
0 0.450906 0.216641 0.045219 0.021203
3 0.364172 0.218047 0.104547 0.050016
3 0.445156 0.315531 0.129047 0.143250
3 0.767609 0.540531 0.104844 0.140734
2 0.395500 0.475594 0.038687 0.071484
2 0.186031 0.501500 0.127266 0.078953
1 0.119625 0.657000 0.019234 0.040641
1 0.132516 0.704219 0.042594 0.019719
1 0.170609 0.670625 0.020938 0.042594
1 0.258828 0.704094 0.060109 0.022391
1 0.281422 0.655609 0.019469 0.043297
4 0.210062 0.669641 0.042781 0.053922
0 0.308641 0.709625 0.017484 0.036141
0 0.436734 0.655203 0.040125 0.018672
3 0.354031 0.657797 0.102703 0.052437
3 0.435094 0.757750 0.128187 0.142000
1 0.588672 0.654813 0.039719 0.017875
1 0.741406 0.733453 0.052828 0.021844
1 0.808328 0.734641 0.056406 0.021047
3 0.757437 0.987734 0.105063 0.148703
1 0.419859 0.970000 0.023031 0.050047
2 0.383516 0.918359 0.036937 0.073094
2 0.174281 0.947953 0.126141 0.075078
3 0.777500 0.105250 0.104000 0.137594
1 0.578734 0.121203 0.022844 0.041234
1 0.472422 0.122188 0.027031 0.063250
1 0.443313 0.084563 0.028984 0.066594
2 0.406109 0.038031 0.042078 0.073844
2 0.195469 0.065203 0.130125 0.077469