1 0.146375 0.061002 0.025281 0.049154
1 0.158688 0.111744 0.049266 0.027582
1 0.195156 0.075147 0.024953 0.052694
1 0.286187 0.109637 0.070062 0.034663
1 0.307938 0.057461 0.027828 0.053402
1 0.614922 0.053938 0.052469 0.027945
1 0.769281 0.135268 0.071984 0.036425
1 0.840641 0.136684 0.065594 0.033592
1 0.586609 0.427547 0.025922 0.051623
1 0.481187 0.432159 0.029438 0.072142
1 0.451109 0.390777 0.030078 0.072142
1 0.143484 0.539309 0.025281 0.053748
1 0.154688 0.589171 0.048953 0.030415
1 0.192437 0.552383 0.027187 0.053748
1 0.303781 0.536477 0.027828 0.052332
1 0.611406 0.534352 0.053109 0.031123
1 0.765922 0.618342 0.071672 0.039965
1 0.837594 0.621347 0.067188 0.036770
1 0.583719 0.912228 0.025281 0.052694
1 0.477187 0.911693 0.030391 0.064370
1 0.446156 0.872435 0.031031 0.074974
4 0.235937 0.071641 0.047250 0.055406
4 0.232063 0.550432 0.048688 0.061451
0 0.337359 0.113679 0.027656 0.052228
0 0.462234 0.054940 0.049266 0.030881
0 0.333031 0.592781 0.027656 0.053178
0 0.459078 0.534663 0.048687 0.030570
3 0.378984 0.057962 0.107453 0.058601
3 0.464547 0.167824 0.127047 0.158584
3 0.790813 0.408238 0.104859 0.160501
3 0.374234 0.537375 0.107750 0.060190
3 0.461953 0.647237 0.129359 0.162090
3 0.788641 0.895130 0.108609 0.167496
2 0.199172 0.850501 0.128437 0.086442
2 0.410406 0.820622 0.044859 0.087720
1 0.281703 0.589171 0.067500 0.034663
2 0.205687 0.365924 0.132266 0.086874
2 0.413094 0.338584 0.044859 0.087288