1 0.214297 0.111985 0.025156 0.077990
1 0.223844 0.187835 0.050328 0.043660
1 0.262891 0.138454 0.026891 0.080851
1 0.350516 0.201778 0.071141 0.057242
1 0.375891 0.127371 0.025594 0.083015
1 0.683672 0.162062 0.052063 0.049381
1 0.829641 0.301237 0.067234 0.058686
1 0.901000 0.312706 0.068547 0.060103
1 0.625547 0.711959 0.029500 0.074407
1 0.494969 0.644716 0.026891 0.100180
1 0.522734 0.708737 0.028625 0.110902
1 0.172219 0.828247 0.025156 0.073711
1 0.182625 0.904459 0.046844 0.047216
1 0.221891 0.851856 0.022984 0.080851
1 0.310594 0.918763 0.061594 0.054381
1 0.335984 0.842552 0.025594 0.082294
1 0.642031 0.876186 0.046844 0.047938
0 0.402344 0.213428 0.024328 0.078943
0 0.532750 0.141830 0.047453 0.048170
0 0.359969 0.933273 0.024734 0.072242
0 0.491172 0.861031 0.052734 0.048170
4 0.265266 0.853995 0.051109 0.095670
4 0.305406 0.137809 0.051922 0.093660
3 0.448187 0.135464 0.107078 0.103686
3 0.525047 0.309098 0.133437 0.247526
3 0.830859 0.709149 0.115594 0.250206
3 0.405250 0.851804 0.105828 0.101495
2 0.247531 0.576443 0.130016 0.139381
2 0.458969 0.556469 0.044297 0.137345