3 0.111591 0.903479 0.079818 0.107593
3 0.108932 0.592166 0.075318 0.105230
3 0.107705 0.292057 0.076955 0.102473
3 0.542023 0.145164 0.096955 0.099934
3 0.474068 0.078446 0.081205 0.038665
3 0.788000 0.296083 0.083864 0.102801
3 0.549136 0.447943 0.101182 0.104092
3 0.479091 0.377024 0.079273 0.038293
3 0.797045 0.603085 0.085045 0.105186
3 0.553750 0.755470 0.098886 0.102407
3 0.484705 0.683873 0.078409 0.040810
3 0.804545 0.917133 0.085614 0.107681
1 0.090909 0.125055 0.049091 0.020788
1 0.140227 0.124726 0.048636 0.020569
1 0.091250 0.420460 0.047955 0.021225
1 0.141591 0.420788 0.048182 0.020569
1 0.094773 0.725711 0.048636 0.020788
1 0.145909 0.726258 0.051818 0.020131
1 0.312955 0.682713 0.020000 0.034573
1 0.323409 0.715864 0.036364 0.019037
1 0.349659 0.691575 0.019318 0.034792
1 0.416591 0.716193 0.050455 0.021444
1 0.432273 0.682495 0.019545 0.035011
1 0.660795 0.683807 0.038409 0.017943
1 0.780000 0.738840 0.051364 0.021663
1 0.832727 0.740481 0.051364 0.021882
1 0.650795 0.932057 0.016136 0.034354
1 0.569659 0.928884 0.023409 0.042451
1 0.545568 0.903720 0.022500 0.048578
1 0.308523 0.377899 0.018409 0.031072
1 0.318182 0.410722 0.037727 0.017943
1 0.345000 0.386980 0.022273 0.034792
1 0.411250 0.409737 0.052500 0.021663
1 0.426591 0.377243 0.020909 0.032385
1 0.654886 0.375602 0.038864 0.018600
1 0.771705 0.428228 0.052500 0.021007
1 0.825455 0.429212 0.051364 0.019475
1 0.641023 0.615317 0.017955 0.031072
1 0.562386 0.611926 0.020682 0.036543
1 0.538864 0.588950 0.019545 0.043107
1 0.304886 0.080525 0.017955 0.031947
1 0.315227 0.113129 0.035909 0.017943
1 0.340909 0.089497 0.018636 0.032823
1 0.407386 0.110613 0.047045 0.019475
1 0.422045 0.078556 0.019091 0.031510
1 0.648864 0.074289 0.036818 0.018162
1 0.763864 0.125274 0.050000 0.019912
1 0.816023 0.125055 0.050682 0.019912
1 0.633864 0.308315 0.019091 0.032385
1 0.554659 0.308972 0.021591 0.042013
1 0.532045 0.284683 0.023182 0.045077
1 0.628750 0.008972 0.020682 0.033260
1 0.551364 0.012582 0.023182 0.043107
4 0.369205 0.087199 0.034773 0.038293
4 0.375341 0.385449 0.034318 0.038293
4 0.379432 0.690481 0.037045 0.039168
0 0.445341 0.113151 0.018614 0.033654
0 0.536409 0.075427 0.035523 0.018446
0 0.449864 0.412363 0.019727 0.032298
0 0.541614 0.375449 0.037500 0.020350
0 0.455636 0.719584 0.021136 0.032298
0 0.548659 0.682670 0.037500 0.018184
2 0.349500 0.268731 0.095591 0.054289
2 0.505682 0.254114 0.036795 0.054289
2 0.355909 0.572932 0.097977 0.058906
2 0.509886 0.555996 0.038000 0.059694
2 0.360318 0.884442 0.096386 0.060460
2 0.518477 0.867505 0.039205 0.058906