1 0.085682 0.061797 0.047727 0.015156
1 0.134318 0.061328 0.045909 0.014531
3 0.101932 0.178516 0.073864 0.070469
1 0.295114 0.027500 0.018409 0.022188
1 0.302727 0.049219 0.034545 0.013750
1 0.330227 0.033125 0.020000 0.022813
1 0.393295 0.045937 0.047955 0.015312
1 0.407386 0.023359 0.019318 0.022656
4 0.357045 0.030859 0.033636 0.024219
0 0.430909 0.047578 0.019545 0.022344
3 0.458977 0.022734 0.075227 0.025781
3 0.524205 0.067656 0.099318 0.067500
0 0.517727 0.019219 0.033636 0.013438
1 0.625682 0.017266 0.037273 0.013594
1 0.737614 0.049922 0.049318 0.015156
1 0.788068 0.049219 0.048409 0.015625
3 0.759773 0.166172 0.081818 0.068594
1 0.612841 0.177656 0.022045 0.022812
1 0.536250 0.179766 0.022045 0.027969
1 0.514659 0.163281 0.023409 0.034375
2 0.488182 0.142344 0.035909 0.039375
2 0.338295 0.156094 0.091136 0.041875
3 0.107068 0.798766 0.074909 0.070063
3 0.104886 0.591703 0.075659 0.069094
3 0.105091 0.384172 0.072977 0.068562
3 0.529250 0.275328 0.097409 0.069734
3 0.464250 0.228844 0.082500 0.027125
3 0.768727 0.373703 0.082114 0.070016
3 0.531932 0.482844 0.098705 0.070828
3 0.467318 0.435703 0.080045 0.027891
3 0.773500 0.584141 0.082932 0.072063
3 0.534977 0.692734 0.098364 0.068609
3 0.470364 0.645844 0.078250 0.025172
3 0.780500 0.796500 0.081136 0.071813
3 0.542023 0.903656 0.096955 0.071359
3 0.474068 0.856016 0.081205 0.027609
1 0.086545 0.267797 0.047318 0.015062
1 0.136091 0.267031 0.047955 0.014406
1 0.087500 0.474766 0.049091 0.014844
1 0.137614 0.474141 0.048409 0.014219
1 0.090227 0.681641 0.047727 0.015469
1 0.140000 0.681016 0.049091 0.014531
1 0.090909 0.889297 0.049091 0.014844
1 0.140227 0.889062 0.048636 0.014688
1 0.304886 0.857500 0.017955 0.022812
1 0.315227 0.880781 0.035909 0.012813
1 0.340909 0.863906 0.018636 0.023438
1 0.407386 0.878984 0.047045 0.013906
1 0.422045 0.856094 0.019091 0.022500
1 0.648864 0.853047 0.036818 0.012969
1 0.763864 0.889453 0.050000 0.014219
1 0.816023 0.889297 0.050682 0.014219
1 0.302955 0.649062 0.017727 0.023125
1 0.312614 0.670625 0.035682 0.013125
1 0.338182 0.655312 0.020909 0.024062
1 0.404318 0.668516 0.049091 0.014219
1 0.418864 0.646406 0.020455 0.021875
1 0.643523 0.641641 0.035682 0.011719
1 0.757500 0.676094 0.051364 0.015000
1 0.810341 0.675781 0.050682 0.014063
1 0.628750 0.806406 0.020682 0.023750
1 0.551364 0.808984 0.023182 0.030781
1 0.527614 0.790859 0.022500 0.032344
1 0.300682 0.441328 0.018182 0.022969
1 0.309318 0.463516 0.037273 0.012656
1 0.336136 0.446406 0.020000 0.022813
1 0.400795 0.460547 0.050227 0.013594
1 0.415341 0.437656 0.021136 0.023125
1 0.637386 0.430938 0.037500 0.012813
1 0.751364 0.465000 0.052727 0.015625
1 0.803636 0.464453 0.047727 0.014531
1 0.623409 0.594844 0.021818 0.024062
1 0.546591 0.598516 0.022273 0.031094
1 0.522841 0.580781 0.023409 0.032813
1 0.298409 0.233047 0.018636 0.023906
1 0.308068 0.255703 0.036136 0.013281
1 0.333636 0.238750 0.020000 0.024062
1 0.397159 0.251875 0.046591 0.014063
1 0.412273 0.229297 0.018636 0.023594
1 0.632500 0.222656 0.035455 0.013438
1 0.745682 0.256406 0.047727 0.014687
1 0.796250 0.256250 0.049773 0.014687
1 0.618295 0.385547 0.019318 0.023594
1 0.542614 0.389531 0.023409 0.030625
1 0.519545 0.372188 0.022727 0.030938
4 0.360909 0.236563 0.035000 0.025000
4 0.364205 0.444375 0.033409 0.025313
4 0.367273 0.653359 0.033636 0.026094
4 0.369205 0.862266 0.034773 0.027344
0 0.435477 0.252812 0.020864 0.023062
0 0.524136 0.226062 0.037500 0.014531
0 0.527659 0.434094 0.037205 0.014734
0 0.437886 0.461141 0.023386 0.023453
0 0.441545 0.670328 0.020568 0.024812
0 0.532023 0.643594 0.038614 0.014734
0 0.445341 0.880797 0.018614 0.024031
0 0.536409 0.853859 0.035523 0.013172
2 0.341318 0.364719 0.091977 0.043172
2 0.492886 0.349469 0.036000 0.039047
2 0.344114 0.572734 0.095182 0.041797
2 0.495477 0.559391 0.037205 0.036562
2 0.348909 0.781000 0.096773 0.042062
2 0.500273 0.768219 0.038000 0.039047
2 0.349500 0.991891 0.095591 0.038766
2 0.505682 0.981453 0.036795 0.038766