1 0.380838 0.152491 0.033938 0.102526
1 0.518733 0.149308 0.038265 0.129446
1 0.560604 0.226851 0.041150 0.143529
1 0.050897 0.742007 0.085906 0.071765
1 0.140780 0.743287 0.083743 0.074325
1 0.340760 0.921453 0.067856 0.058962
1 0.777563 0.809931 0.088090 0.064083
1 0.747953 0.918235 0.036101 0.108927
1 0.901735 0.887474 0.037544 0.108927
1 0.954074 0.811869 0.068596 0.060242
1 0.966725 0.920796 0.040429 0.114048
3 0.117680 0.189031 0.138616 0.334498
3 0.542203 0.688201 0.177602 0.333218
3 0.654834 0.916955 0.147290 0.129446
0 0.542203 0.918235 0.066413 0.065363
0 0.707524 0.799689 0.037544 0.105087
2 0.610780 0.334498 0.063528 0.181972
2 0.893431 0.274256 0.178324 0.184533
4 0.847953 0.895156 0.062807 0.132007