1 0.132812 0.718350 0.069359 0.072427
1 0.203859 0.721845 0.068234 0.070097
1 0.354156 0.886537 0.051875 0.063074
1 0.660094 0.891780 0.027641 0.106278
1 0.684625 0.792524 0.069922 0.068900
1 0.771750 0.863754 0.024250 0.108641
1 0.810953 0.794272 0.050750 0.060744
1 0.821656 0.892945 0.025937 0.103948
1 0.387984 0.176375 0.027063 0.102783
1 0.495422 0.177540 0.032141 0.130809
1 0.525031 0.248803 0.031578 0.142492
3 0.183281 0.201489 0.113922 0.311877
3 0.501062 0.671036 0.134781 0.307184
3 0.589031 0.885955 0.108844 0.122654
0 0.505297 0.888867 0.048500 0.060744
0 0.630484 0.781424 0.024812 0.105113
2 0.558859 0.349256 0.045109 0.161197
2 0.773156 0.307767 0.134219 0.164693
4 0.733969 0.862233 0.047000 0.112977