1 0.158812 0.236703 0.126672 0.050797
1 0.199797 0.147641 0.046063 0.090766
1 0.792484 0.139844 0.088063 0.045391
1 0.741344 0.787406 0.045391 0.084672
1 0.537797 0.793844 0.051484 0.112438
1 0.480219 0.727797 0.052828 0.123953
1 0.197547 0.981797 0.045922 0.089797
1 0.786891 0.972625 0.091844 0.042859
3 0.336828 0.144891 0.203031 0.102859
3 0.503891 0.336156 0.242687 0.268906
3 0.335797 0.984672 0.203359 0.099578
2 0.003156 0.687937 0.239531 0.147031
2 0.408031 0.638234 0.081453 0.141516
4 0.063797 0.175094 0.085750 0.096281
0 0.496578 0.976266 0.088437 0.041766
0 0.261031 0.243516 0.042375 0.085984
0 0.499344 0.142797 0.089063 0.041766