1 0.049559 0.293031 0.141949 0.027172
1 0.019596 0.734641 0.132721 0.021047
2 0.699963 0.966344 0.276471 0.079328
1 0.572353 0.672406 0.047941 0.039937
1 0.604485 0.720703 0.100699 0.019969
1 0.690294 0.687078 0.047941 0.044016
1 0.903676 0.721719 0.133272 0.025266
1 0.957353 0.674047 0.050809 0.042375
4 0.787647 0.686469 0.098750 0.049312
2 0.722904 0.514125 0.286801 0.071672
1 0.593235 0.230828 0.049963 0.040078
1 0.622463 0.277906 0.106544 0.019641
1 0.711544 0.244250 0.054706 0.042875
1 0.918051 0.277500 0.143309 0.024437
1 0.973199 0.230625 0.048088 0.044484
4 0.804449 0.242047 0.099007 0.048891
2 0.740404 0.077609 0.277279 0.073484