1 0.14523520485584218 0.27454388984509465 0.024476479514415776 0.055542168674698765
1 0.15802731411229134 0.3250430292598967 0.048968133535660104 0.0302925989672978
1 0.19447647951441577 0.2881239242685026 0.026145675265553874 0.05869191049913945
1 0.28350531107739 0.3234595524956971 0.0639908952959029 0.03724612736660927
1 0.302701062215478 0.27075731497418243 0.024476479514415776 0.05679862306368331
1 0.604567526555387 0.2660240963855422 0.04840667678300452 0.03344234079173839
1 0.7537025796661608 0.3509122203098107 0.0662215477996965 0.03913941480206542
1 0.821866464339909 0.35185886402753874 0.06455235204855837 0.039759036144578354
1 0.5720182094081943 0.6485025817555937 0.025599393019726868 0.05617900172117037
1 0.4707435508345979 0.6525989672977626 0.028937784522003112 0.07700516351118762
1 0.44236722306525034 0.6100000000000001 0.030045523520485517 0.07889845094664377
1 0.13688922610015172 0.7611531841652324 0.02336874051593324 0.05428571428571422
1 0.1510773899848255 0.812908777969019 0.04506828528072836 0.02903614457831326
1 0.18585735963581182 0.7750430292598968 0.025599393019726843 0.055542168674698765
1 0.2718209408194234 0.8113425129087779 0.06065250379362675 0.034716006884681516
1 0.2957511380880121 0.7598967297762479 0.028376327769347478 0.05301204819277101
1 0.5959484066767831 0.7573666092943201 0.05007587253414264 0.0302925989672978
1 0.7459028831562975 0.8438382099827882 0.06176024279210932 0.0378657487091222
1 0.8126858877086494 0.8460413080895008 0.06176024279210932 0.03724612736660927
1 0.4496054628224583 0.12339070567986231 0.028937784522003112 0.06500860585197936
1 0.47965098634294384 0.1659896729776248 0.030045523520485517 0.0757314974182444
1 0.5811987860394537 0.16094664371772807 0.023930197268588742 0.04671256454388987
2 0.20810318664643396 0.09939759036144578 0.1290895295902883 0.08647160068846818
2 0.41232169954476483 0.07163511187607574 0.04562974203338399 0.09025817555938039
2 0.4050834597875569 0.5576247848537006 0.042291350531107746 0.09151462994836482
2 0.1989226100151745 0.5879173838209982 0.12408194233687403 0.09277108433734936
4 0.23482549317147192 0.28370051635111876 0.04562974203338391 0.06122203098106711
4 0.22646433990895298 0.7734595524956971 0.04896813353566006 0.06500860585197932
0 0.3333383915022762 0.3252151462994836 0.0263884673748103 0.052874354561101594
0 0.4571320182094082 0.2676075731497418 0.04969650986342944 0.03043029259896731
0 0.3252048558421851 0.8177796901893287 0.027708649468892246 0.057366609294320206
0 0.44834597875569043 0.7594320137693632 0.04705614567526554 0.029432013769363205
3 0.37358118361153264 0.27209982788296044 0.10421851289833077 0.062358003442340826
3 0.4544916540212443 0.38184165232357997 0.1341274658573596 0.16111876075731496
3 0.7770561456752656 0.14091222030981068 0.11257966616084986 0.16511187607573152
3 0.7662822458270107 0.6292426850258175 0.1042185128983309 0.17008605851979355
3 0.44526555386949923 0.8741480206540447 0.13148710166919572 0.16609294320137694
3 0.36213960546282253 0.7611703958691911 0.10245827010622156 0.06583476764199656