1 0.089390756302521 0.02801857585139319 0.007983193277310919 0.013725490196078428
1 0.09317226890756303 0.04220846233230134 0.01428571428571428 0.007843137254901955
1 0.10567226890756302 0.03142414860681114 0.007983193277310919 0.013725490196078436
1 0.13308823529411765 0.04107327141382869 0.018697478991596635 0.008462332301341592
1 0.14038865546218487 0.026367389060887515 0.008508403361344561 0.014138286893704846
4 0.11817226890756302 0.031217750257997934 0.015126050420168072 0.01805985552115583
0 0.14936974789915966 0.04215686274509804 0.007352941176470588 0.01393188854489164
3 0.16281512605042017 0.025490196078431376 0.03403361344537813 0.01754385964912281
0 0.18928571428571428 0.024509803921568627 0.015126050420168043 0.008152734778121774
3 0.18849789915966386 0.05629514963880289 0.04233193277310925 0.04262125902992775
1 0.23676470588235296 0.023529411764705882 0.01428571428571431 0.007843137254901962
1 0.28503151260504206 0.045304437564499485 0.020693277310924418 0.010113519091847262
1 0.3074579831932773 0.045562435500515995 0.020168067226890803 0.010216718266253876
3 0.29091386554621845 0.12270381836945304 0.03560924369747897 0.04478844169246645
1 0.2273109243697479 0.1284313725490196 0.008403361344537815 0.013725490196078428
1 0.18508403361344536 0.11924664602683178 0.009033613445378175 0.0197110423116615
1 0.19522058823529412 0.1302373581011352 0.010189075630252089 0.01878224974200207
2 0.17279411764705882 0.10407636738906088 0.01491596638655461 0.024045407636738916
2 0.10677521008403362 0.11150670794633642 0.041071428571428564 0.028379772961816305
1 0.3798844537815126 0.025593395252837978 0.008298319327731068 0.013828689370485035
1 0.38366596638655465 0.03895768833849329 0.01586134453781515 0.009597523219814238
1 0.3952731092436975 0.028586171310629516 0.009243697478991548 0.015686274509803918
1 0.4232142857142857 0.037719298245614034 0.021428571428571404 0.010423116615067077
1 0.4303571428571428 0.023168214654282766 0.009033613445378175 0.013725490196078435
4 0.4084033613445378 0.027347781217750257 0.015336134453781536 0.017543859649122806
0 0.44023109243697484 0.03869969040247678 0.008193277310924322 0.014447884416924664
0 0.4797268907563025 0.020330237358101133 0.015756302521008403 0.009287925696594427
3 0.4528361344537815 0.021671826625386997 0.03382352941176475 0.017543859649122806
3 0.48093487394957984 0.05257997936016512 0.03897058823529414 0.04509803921568629
1 0.5277836134453782 0.01847265221878225 0.015441176470588283 0.008255933952528379
1 0.5774159663865547 0.04081527347781218 0.022058823529411766 0.010010319917440664
1 0.5998949579831933 0.04050567595459236 0.02121848739495803 0.009597523219814238
3 0.5849264705882353 0.11790505675954592 0.03413865546218487 0.04654282765737875
1 0.5207457983193278 0.1258513931888545 0.0072478991596638415 0.013312693498452018
1 0.48686974789915966 0.12492260061919502 0.009033613445378175 0.015789473684210523
1 0.4768382352941176 0.11563467492260061 0.008928571428571428 0.017027863777089782
2 0.46554621848739497 0.10046439628482971 0.012605042016806723 0.024045407636738916
2 0.3980567226890756 0.1089267285861713 0.04149159663865546 0.027760577915376682
1 0.6742121848739496 0.018163054695562435 0.008508403361344442 0.014654282765737875
1 0.6777310924369748 0.032507739938080496 0.015966386554621896 0.009081527347781214
1 0.6904411764705882 0.021878224974200205 0.009243697478991548 0.015067079463364294
1 0.7195903361344538 0.030340557275541795 0.02216386554621839 0.010113519091847262
1 0.7261029411764706 0.01542827657378741 0.008928571428571428 0.014963880288957688
4 0.7028361344537816 0.02038183694530444 0.01554621848739491 0.015995872033023734
0 0.7369747899159664 0.03142414860681114 0.009033613445378055 0.014757481940144482
3 0.7499474789915966 0.015015479876160991 0.034768907563025114 0.017027863777089782
3 0.780094537815126 0.04468524251805985 0.04590336134453786 0.04458204334365326
0 0.7771008403361344 0.012693498452012385 0.01554621848739491 0.00887512899896801
1 0.8269957983193277 0.011403508771929825 0.017226890756302616 0.008978328173374612
1 0.8787289915966386 0.03297213622291022 0.02279411764705887 0.010010319917440657
1 0.9020483193277311 0.032507739938080496 0.022373949579831885 0.010319917440660475
3 0.8889705882352941 0.10975232198142414 0.037815126050420166 0.04530443756449948
1 0.8210609243697479 0.1173374613003096 0.010189075630252148 0.015067079463364287
1 0.7856617647058824 0.11873065015479876 0.010189075630252148 0.018472652218782255
1 0.7756827731092437 0.10784313725490197 0.01081932773109239 0.022703818369453045
2 0.7634453781512605 0.09401444788441692 0.016596638655462136 0.026006191950464386
2 0.6941701680672269 0.10309597523219814 0.042121848739495704 0.027657378740970084
3 0.161281512605042 0.1595562435500516 0.03491596638655463 0.019422084623323007
3 0.1883403361344538 0.19075335397316823 0.04271008403361341 0.04518059855521159
3 0.2904831932773109 0.25765737874097006 0.035168067226890774 0.04522187822497419
3 0.18800420168067225 0.3252734778121775 0.04255252100840335 0.0456449948400413
3 0.1601155462184874 0.2943446852425181 0.03495798319327728 0.018338493292053646
3 0.2901575630252101 0.3927760577915377 0.03365546218487391 0.04542827657378739
3 0.1577205882352941 0.4289267285861713 0.03538865546218487 0.017492260061919552
3 0.184968487394958 0.46007223942208464 0.045588235294117624 0.0456449948400413
3 0.28852941176470587 0.5281114551083591 0.03560924369747897 0.046068111455108404
3 0.18214285714285716 0.5965737874097008 0.04298319327731094 0.04606811145510846
3 0.15566176470588236 0.5654385964912281 0.036470588235294144 0.018338493292053646
3 0.28646008403361345 0.6654695562435501 0.03451680672268909 0.04522187822497414
3 0.1795378151260504 0.7345717234262126 0.04255252100840335 0.04734778121775037
3 0.15262605042016808 0.7040763673890609 0.03691176470588234 0.01877192982456146
3 0.28450630252100845 0.8051805985552116 0.03712184873949583 0.04820433436532511
3 0.17497899159663866 0.8775851393188855 0.04428571428571431 0.04884416924664595
3 0.2816911764705883 0.9508565531475748 0.038865546218487396 0.05118679050567586
3 0.4798529411764706 0.8789267285861713 0.043697478991596664 0.04907120743034051
3 0.45137605042016804 0.8459442724458205 0.03594537815126053 0.019143446852425132
3 0.589390756302521 0.9544788441692467 0.036890756302520894 0.05074303405572763
3 0.4816491596638655 0.7359133126934985 0.042752100840336184 0.04664602683178539
3 0.4519432773109244 0.7038493292053664 0.03707983193277306 0.018957688338493178
3 0.5881617647058823 0.8076573787409701 0.034810924369748 0.04962848297213614
3 0.4815546218487395 0.5967079463364293 0.04256302521008402 0.04590299277605781
3 0.45260504201680674 0.5655727554179566 0.03537815126050415 0.018214654282765832
3 0.587594537815126 0.6661197110423117 0.0355672268907562 0.048328173374612926
3 0.48146008403361346 0.459907120743034 0.04161764705882354 0.04404540763673886
3 0.45375000000000004 0.4298968008255934 0.03613445378151258 0.017100103199174457
3 0.5873004201680673 0.5275644994840041 0.034621848739495836 0.0462745098039216
3 0.4809558823529412 0.32435500515995874 0.04008403361344535 0.04563467492260065
3 0.4537605042016807 0.29338493292053663 0.03619747899159668 0.01908152734778123
3 0.5862920168067227 0.39080495356037154 0.03496848739495795 0.04563467492260065
3 0.4809558823529412 0.18842105263157896 0.040798319327731127 0.044757481940144485
3 0.4526995798319328 0.15779153766769866 0.03408613445378156 0.018214654282765714
3 0.5863865546218487 0.2537358101135191 0.03372899159663855 0.04528379772961816
3 0.7824264705882353 0.18184726522187825 0.04502100840336124 0.046057791537667696
3 0.7523844537815126 0.15114551083591332 0.03813025210084029 0.0179153766769866
3 0.893109243697479 0.24682146542827657 0.03795168067226902 0.04624355005159959
3 0.7836659663865546 0.31890608875128995 0.04561974789915973 0.046780185758513976
3 0.7538025210084034 0.28777089783281734 0.03699579831932776 0.01842105263157897
3 0.8953151260504202 0.3858101135190919 0.03832983193277312 0.04759545923632611
3 0.7850735294117647 0.45753353973168215 0.045462184873949554 0.04531475748194011
3 0.7552100840336134 0.42656346749226004 0.03616596638655469 0.016625386996904037
3 0.8985504201680672 0.5260681114551083 0.03750000000000005 0.04743034055727558
3 0.7883298319327732 0.596842105263158 0.044810924369747984 0.047131062951496466
3 0.7569222689075631 0.5653766769865841 0.03753151260504203 0.018235294117647134
3 0.9020168067226891 0.6680185758513931 0.03876050420168077 0.04848297213622293
3 0.7916176470588235 0.739638802889577 0.046764705882352924 0.04909184726522181
3 0.7592436974789916 0.7061919504643962 0.03663865546218499 0.01805985552115583
3 0.9061974789915966 0.8128070175438596 0.03930672268907571 0.04960784313725484
3 0.79375 0.8846749226006192 0.045703781512605034 0.048297213622290974
3 0.7618382352941176 0.850908152734778 0.03623949579831933 0.01924664602683188
3 0.9096638655462185 0.9609184726522187 0.039569327731092514 0.050784313725490235
1 0.08760504201680673 0.16171310629514962 0.00818277310924369 0.01369453044375643
1 0.09147058823529411 0.17503611971104233 0.015000000000000001 0.008194014447884415
1 0.10344537815126051 0.16498452012383902 0.008634453781512603 0.013993808049535606
1 0.13125 0.17473684210526316 0.020913865546218484 0.009979360165118696
1 0.13876050420168068 0.16074303405572754 0.009852941176470583 0.01533539731682148
1 0.2352310924369748 0.15784313725490196 0.01546218487394961 0.008937048503611997
1 0.28448529411764706 0.1809907120743034 0.021827731092436947 0.00968008255933952
1 0.30646008403361347 0.18061919504643964 0.020609243697478997 0.009824561403508753
1 0.22665966386554623 0.2637151702786378 0.008634453781512634 0.014592363261093927
1 0.19324579831932773 0.2637151702786378 0.009999999999999981 0.016676986584107354
1 0.1839285714285714 0.25447884416924665 0.010157563025210101 0.01936016511867904
1 0.08550420168067227 0.2953869969040248 0.008088235294117636 0.013498452012383944
1 0.08933823529411765 0.3098245614035088 0.016397058823529397 0.00910216718266259
1 0.10073529411764706 0.29968008255933953 0.008728991596638657 0.014127966976264247
1 0.12959033613445378 0.30920536635706913 0.022153361344537804 0.009731682146542776
1 0.13683823529411765 0.2949742002063983 0.009159663865546232 0.014127966976264247
1 0.23448529411764704 0.29345717234262125 0.01554621848739497 0.008163054695562402
1 0.2832563025210084 0.3162125902992776 0.021932773109243693 0.00930856553147573
1 0.3052941176470588 0.3163157894736842 0.021932773109243693 0.009731682146542776
1 0.22558823529411764 0.39854489164086687 0.00862394957983191 0.013911248710010338
1 0.19231092436974792 0.4002683178534572 0.00936974789915968 0.02008255933952532
1 0.1827310924369748 0.3895975232198142 0.00980042016806721 0.018833849329205368
1 0.08256302521008403 0.43049535603715167 0.009033613445378145 0.014344685242518036
1 0.08692226890756302 0.44484004127966975 0.016071428571428584 0.008978328173374659
1 0.09900210084033613 0.4344169246646027 0.009768907563025222 0.01558307533539734
1 0.12762605042016806 0.44406604747162026 0.021638655462184884 0.009907120743034079
1 0.13508403361344537 0.4293085655314757 0.009873949579831924 0.015479876160990712
1 0.23455882352941176 0.42894736842105263 0.01617647058823527 0.009391124871001055
1 0.2823529411764706 0.45118679050567595 0.022058823529411766 0.010319917440660475
1 0.3045693277310924 0.45108359133126935 0.022163865546218513 0.01052631578947373
1 0.22384453781512603 0.5339525283797729 0.010294117647058836 0.015479876160990712
1 0.19038865546218486 0.5356037151702786 0.010189075630252089 0.020227038183694496
1 0.1808298319327731 0.5241486068111455 0.010819327731092449 0.020020639834881355
1 0.07962184873949579 0.5667182662538699 0.009453781512605041 0.015583075335397222
1 0.08387605042016806 0.5816305469556243 0.01754201680672268 0.008668730650154893
1 0.0957983193277311 0.5703302373581011 0.008613445378151249 0.015995872033023734
1 0.12436974789915967 0.5799793601651186 0.020798319327731105 0.008462332301341637
1 0.13177521008403364 0.5657378740970073 0.009138655462184876 0.014860681114551178
1 0.23172268907563023 0.5641898864809082 0.016596638655462195 0.007223942208462332
1 0.28119747899159664 0.5871517027863777 0.021638655462184898 0.009597523219814195
1 0.303203781512605 0.5867905056759546 0.02153361344537815 0.009287925696594427
1 0.2215861344537815 0.6715170278637771 0.008508403361344561 0.013622291021671874
1 0.18760504201680672 0.6732198142414861 0.009033613445378175 0.01991744066047467
1 0.17799369747899157 0.6614035087719298 0.009978991596638655 0.019814241486068158
1 0.07582983193277311 0.7048090815273478 0.008613445378151249 0.014809081527347688
1 0.0797373949579832 0.7189576883384933 0.014621848739495786 0.007905056759546008
1 0.09225840336134454 0.7084829721362229 0.008613445378151249 0.014592363261094015
1 0.12138655462184875 0.7188957688338493 0.02176470588235294 0.008689370485036195
1 0.12961134453781512 0.7036429308565532 0.008949579831932784 0.01603715170278634
1 0.22929621848739495 0.7013622291021672 0.01609243697478991 0.007905056759546008
1 0.27910714285714283 0.7253560371517028 0.02188025210084035 0.009133126934984427
1 0.30126050420168066 0.7250257997936016 0.02153361344537815 0.008906088751290103
1 0.21869747899159664 0.8113209494324045 0.008728991596638657 0.014922600619195084
1 0.1845798319327731 0.8124355005159959 0.00849789915966384 0.018926728586171226
1 0.17454831932773107 0.8010216718266254 0.010199579831932752 0.02038183694530444
1 0.0717752100840336 0.8457791537667698 0.007951680672268901 0.013911248710010338
1 0.07649159663865546 0.8615789473684211 0.015147058823529399 0.0076883384932921
1 0.08809873949579833 0.8502270381836945 0.008571428571428568 0.015490196078431363
1 0.11740546218487395 0.8601754385964913 0.021733193277310922 0.009514963880288985
1 0.12516806722689075 0.8447987616099072 0.008686974789915976 0.015861713106295038
1 0.2259453781512605 0.8428792569659442 0.015966386554621837 0.008152734778121869
1 0.2764180672268907 0.867750257997936 0.02132352941176469 0.010423116615066985
1 0.2990546218487395 0.8676470588235294 0.021848739495798273 0.00980392156862745
1 0.21528361344537814 0.9577399380804953 0.0072478991596638415 0.012899896800825593
1 0.18035714285714285 0.9585139318885448 0.009033613445378175 0.0196078431372549
1 0.1705357142857143 0.9447884416924665 0.008718487394957996 0.0196078431372549
1 0.3795798319327731 0.1603611971104231 0.007930672268907516 0.014705882352941176
1 0.3832563025210084 0.17463364293085656 0.015262605042016777 0.00779153766769867
1 0.3952941176470588 0.1641795665634675 0.007930672268907516 0.015139318885448933
1 0.42355042016806727 0.1730546955624355 0.020693277310924418 0.008937048503611997
1 0.43058823529411766 0.1581217750257998 0.007783613445378118 0.01427244582043342
1 0.5279096638655462 0.15430340557275543 0.015409663865546175 0.008359133126935007
1 0.5778151260504202 0.17687306501547986 0.021869747899159596 0.009948400412796684
1 0.6007142857142858 0.17636738906088753 0.02216386554621839 0.009514963880288985
1 0.5206407563025209 0.26059855521155834 0.009159663865546248 0.015779153766769888
1 0.48739495798319327 0.261702786377709 0.009915966386554679 0.017997936016511864
1 0.4766701680672269 0.2518988648090815 0.010283613445378113 0.020588235294117636
1 0.37925420168067225 0.2959752321981424 0.007878151260504201 0.01465428276573792
1 0.3830882352941176 0.31006191950464396 0.01617647058823527 0.008359133126935007
1 0.3951155462184874 0.2995356037151703 0.008718487394957935 0.015170278637770944
1 0.4234243697478992 0.3093395252837977 0.021428571428571404 0.00980392156862745
1 0.4307247899159664 0.29427244582043344 0.009138655462184921 0.01558307533539734
1 0.5290441176470588 0.29164086687306506 0.01649159663865551 0.009081527347781171
1 0.5782563025210085 0.31357069143446853 0.022689075630252006 0.00980392156862745
1 0.6014180672268907 0.3131578947368421 0.022373949579831885 0.009391124871001055
1 0.5208508403361345 0.39767801857585144 0.009558823529411788 0.015376676986584084
1 0.48660714285714285 0.39819401444788444 0.01081932773109239 0.019091847265221878
1 0.47626050420168065 0.3874613003095975 0.01113445378151263 0.020949432404540717
1 0.3788865546218487 0.4312693498452012 0.009873949579831908 0.015067079463364316
1 0.38298319327731095 0.44566563467492265 0.01617647058823527 0.008771929824561403
1 0.39480042016806727 0.43508771929824563 0.009138655462184921 0.015067079463364316
1 0.423109243697479 0.4444272445820433 0.0228991596638655 0.009597523219814195
1 0.43025210084033616 0.43008255933952527 0.008823529411764681 0.014551083591331292
1 0.5289915966386555 0.42714138286893705 0.01680672268907563 0.008049535603715123
1 0.5795168067226891 0.4502063983488132 0.022058823529411766 0.010216718266253847
1 0.6025210084033613 0.4497936016511868 0.022689075630252006 0.009597523219814195
1 0.5211659663865545 0.5334365325077399 0.008298319327731068 0.015273477812177456
1 0.48686974789915966 0.5351909184726522 0.009243697478991548 0.020433436532507693
1 0.4772058823529412 0.5237358101135191 0.01050420168067227 0.020846233230134206
1 0.3783613445378151 0.5668214654282766 0.009033613445378175 0.015170278637770944
1 0.38193277310924373 0.581578947368421 0.01617647058823527 0.008359133126934891
1 0.39401260504201685 0.5705882352941176 0.008823529411764681 0.0150670794633642
1 0.42263655462184874 0.5807533539731682 0.021743697478991644 0.008978328173374659
1 0.4298319327731092 0.5656862745098039 0.008823529411764681 0.014963880288957688
1 0.5290441176470588 0.563312693498452 0.016701680672268883 0.008152734778121869
1 0.5798319327731093 0.5873581011351909 0.022689075630252006 0.00980392156862745
1 0.6026260504201681 0.587203302373581 0.022478991596638753 0.00970072239422094
1 0.5209558823529412 0.6715686274509803 0.009138655462184921 0.014138286893704896
1 0.48676470588235293 0.6719814241486068 0.010084033613445401 0.01888544891640862
1 0.4772058823529412 0.6610939112487101 0.010084033613445401 0.02105263157894746
1 0.3772058823529412 0.7051599587203302 0.008613445378151308 0.015892672858617226
1 0.3805147058823529 0.719453044375645 0.01649159663865551 0.008565531475748147
1 0.3930672268907563 0.7085139318885448 0.008613445378151308 0.015583075335397222
1 0.42263655462184874 0.7187822497420021 0.02279411764705887 0.008049535603715123
1 0.4291491596638656 0.7037151702786377 0.008298319327731068 0.01465428276573792
1 0.5294642857142857 0.7028895768833849 0.016911764705882376 0.009081527347781171
1 0.5799894957983193 0.7266769865841073 0.02216386554621839 0.010010319917440707
1 0.6032563025210084 0.7268317853457172 0.02226890756302526 0.00970072239422094
1 0.5219012605042017 0.8125386996904025 0.008718487394957935 0.015789473684210478
1 0.4864495798319328 0.8130030959752321 0.01050420168067227 0.018369453044375598
1 0.47636554621848737 0.8020123839009288 0.009663865546218535 0.020536635706914438
1 0.3748424369747899 0.8461816305469557 0.008298319327731068 0.015170278637770944
1 0.37883403361344536 0.8619711042311662 0.016281512605042018 0.008771929824561403
1 0.3910189075630252 0.8506707946336429 0.009138655462184921 0.015892672858617226
1 0.4205357142857143 0.8614551083591331 0.022373949579831885 0.009391124871000939
1 0.42830882352941174 0.8457172342621259 0.008088235294117695 0.015892672858617226
1 0.5304096638655462 0.8452528379772961 0.016281512605042077 0.008152734778121869
1 0.5816176470588236 0.8706398348813209 0.022478991596638753 0.00980392156862745
1 0.6052521008403362 0.8708978328173375 0.023949579831932726 0.009494324045407683
1 0.5217436974789916 0.9597007223942209 0.008613445378151308 0.015170278637770944
1 0.4862920168067227 0.9600103199174407 0.010399159663865523 0.020536635706914438
1 0.4760504201680672 0.9480908152734778 0.009453781512605041 0.02208462332301351
1 0.6824579831932773 0.8503611971104231 0.009243697478991548 0.016305469556243502
1 0.6872899159663866 0.8659958720330238 0.01680672268907563 0.008978328173374659
1 0.6994222689075631 0.8545407636738905 0.008928571428571428 0.01640866873065025
1 0.7303571428571428 0.8661506707946336 0.023319327731092486 0.010113519091847219
1 0.7376050420168068 0.8502579979360165 0.009033613445378055 0.016511867905056758
1 0.8432247899159664 0.8508771929824561 0.01775210084033623 0.008462332301341637
1 0.8983193277310925 0.8768317853457173 0.023739495798319233 0.010216718266253965
1 0.922689075630252 0.8776057791537667 0.023739495798319233 0.010319917440660475
1 0.8386029411764706 0.9679566563467493 0.007457983193277215 0.016202270381836994
1 0.8011029411764705 0.9664602683178535 0.01081932773109239 0.020020639834881414
1 0.789968487394958 0.9545923632610939 0.010399159663865641 0.0229102167182663
1 0.6804096638655462 0.7066047471620227 0.008508403361344442 0.01465428276573792
1 0.6848739495798319 0.7220846233230135 0.01743697478991587 0.008462332301341637
1 0.6972689075630252 0.7108875128998968 0.010294117647058777 0.01640866873065025
1 0.727888655462185 0.7216202270381837 0.024264705882352845 0.010216718266253965
1 0.7349789915966387 0.7062951496388029 0.009663865546218535 0.015273477812177456
1 0.8404936974789916 0.7055211558307534 0.017962184873949485 0.008771929824561403
1 0.894485294117647 0.7303405572755418 0.024264705882352845 0.009907120743033963
1 0.919327731092437 0.7308049535603715 0.023739495798319233 0.009184726522187917
1 0.8340861344537814 0.8185758513931889 0.008298319327731188 0.01465428276573792
1 0.7977415966386555 0.8169762641898864 0.00955882352941167 0.017234262125903038
1 0.7868697478991596 0.8061403508771929 0.009033613445378055 0.02033023735810118
1 0.6787289915966387 0.5663570691434469 0.008298319327731188 0.0150670794633642
1 0.6835084033613446 0.581733746130031 0.016596638655462136 0.008462332301341637
1 0.6953781512605042 0.5705882352941176 0.008613445378151308 0.015479876160990712
1 0.7261029411764706 0.580546955624355 0.021743697478991644 0.009184726522187917
1 0.7328781512605043 0.5654282765737874 0.008823529411764801 0.014860681114551178
1 0.8377100840336135 0.5634158926728586 0.017016806722689123 0.008565531475748147
1 0.8908613445378152 0.5874613003095975 0.023109243697478993 0.009391124871000939
1 0.914968487394958 0.5873581011351909 0.02342436974789911 0.009391124871000939
1 0.8307773109243697 0.6737874097007224 0.008823529411764801 0.015273477812177456
1 0.7941701680672268 0.6740970072239423 0.009978991596638655 0.019814241486068158
1 0.783718487394958 0.6626418988648091 0.010714285714285761 0.021259029927760485
1 0.6778361344537814 0.4286893704850361 0.008193277310924322 0.015273477812177456
1 0.6823004201680671 0.44293085655314757 0.01649159663865551 0.008668730650154775
1 0.6941176470588235 0.4328173374613003 0.009663865546218535 0.015892672858617108
1 0.7246848739495798 0.44153766769865843 0.022689075630252006 0.009391124871001055
1 0.73140756302521 0.42693498452012385 0.009453781512605041 0.014447884416924664
1 0.8352415966386555 0.4237874097007224 0.01649159663865551 0.007739938080495356
1 0.8879201680672268 0.44654282765737874 0.023739495798319233 0.009907120743034079
1 0.9123424369747899 0.44633642930856554 0.02342436974789911 0.009287925696594427
1 0.8284138655462184 0.5326109391124871 0.00955882352941167 0.01568627450980397
1 0.7926470588235295 0.5343137254901961 0.010714285714285761 0.02033023735810118
1 0.7816701680672269 0.5223426212590299 0.010399159663865641 0.02136222910216723
1 0.6767857142857142 0.2914860681114551 0.008403361344537815 0.015170278637770944
1 0.6807773109243698 0.30614035087719293 0.017226890756302616 0.008359133126935007
1 0.693172268907563 0.29484004127966973 0.009243697478991548 0.015067079463364316
1 0.7230567226890756 0.3041795665634675 0.023214285714285618 0.008978328173374659
1 0.7297794117647058 0.28906088751289993 0.009768907563025162 0.015273477812177456
1 0.832405462184874 0.2846233230134159 0.017331932773109245 0.008462332301341637
1 0.8850840336134455 0.30712074303405573 0.024369747899159713 0.010319917440660475
1 0.9092436974789916 0.30675954592363264 0.022058823529411766 0.009597523219814195
1 0.8259453781512605 0.3928792569659443 0.010084033613445283 0.015892672858617108
1 0.7904411764705882 0.3953044375644995 0.010294117647058777 0.02053663570691432
1 0.7794642857142857 0.38359133126934986 0.01081932773109239 0.021671826625386997
1 0.675735294117647 0.153921568627451 0.008613445378151308 0.015789473684210537
1 0.6801995798319327 0.16888544891640866 0.016701680672269004 0.008771929824561403
1 0.6920168067226891 0.15768833849329206 0.009243697478991548 0.015892672858617108
1 0.7213760504201681 0.16635706914344683 0.02153361344537815 0.009287925696594427
1 0.7283613445378151 0.15144478844169246 0.008613445378151308 0.01558307533539734
1 0.8301470588235293 0.14705882352941177 0.016386554621848643 0.008875128998968031
1 0.8824579831932773 0.16934984520123839 0.022058823529411766 0.009700722394220823
1 0.9058298319327731 0.1692466460268318 0.023004201680672364 0.009700722394220823
1 0.8235819327731092 0.2546439628482972 0.008928571428571428 0.01558307533539734
1 0.7886029411764706 0.25727554179566564 0.01081932773109239 0.020227038183694555
1 0.7779411764705882 0.2458204334365325 0.01050420168067227 0.020433436532507752
4 0.11622899159663866 0.16486068111455107 0.01523109243697479 0.016615067079463388
4 0.11397058823529412 0.29922600619195044 0.015336134453781507 0.01744066047471618
4 0.11207983193277311 0.43477812177502584 0.01491596638655461 0.017131062951496412
4 0.10955882352941176 0.5695562435500515 0.016596638655462195 0.017956656346749318
4 0.10540966386554622 0.7077399380804953 0.015441176470588224 0.017750257997936062
4 0.10220588235294117 0.8498452012383901 0.015126050420168072 0.017750257997936062
4 0.4040966386554622 0.8498452012383901 0.015126050420168043 0.01733746130030955
4 0.4059873949579832 0.7082559339525283 0.014705882352941176 0.016718266253870014
4 0.40714285714285714 0.5700722394220846 0.015966386554621896 0.017543859649122806
4 0.4073529411764706 0.43390092879256964 0.01554621848739491 0.017234262125903038
4 0.4076680672268908 0.2980392156862745 0.015756302521008403 0.016924664602683156
4 0.40751050420168067 0.16253869969040247 0.01586134453781515 0.017750257997936003
4 0.7046218487394957 0.1562435500515996 0.01617647058823539 0.016511867905056758
4 0.7061449579831933 0.2934984520123839 0.015441176470588283 0.016718266253870014
4 0.7075630252100841 0.4315273477812177 0.01554621848739491 0.017234262125903038
4 0.7084558823529412 0.5695046439628483 0.016071428571428525 0.01805985552115583
4 0.7112920168067227 0.7101651186790505 0.01586134453781503 0.01805985552115583
4 0.7131827731092437 0.8540247678018575 0.01712184873949575 0.018472652218782342
0 0.14800420168067227 0.17561403508771928 0.00834033613445378 0.013828689370485012
0 0.1875420168067227 0.1585861713106295 0.016029411764705872 0.0089576883384933
0 0.1466281512605042 0.30981424148606806 0.008466386554621851 0.014210526315789455
0 0.18701680672268906 0.2936222910216718 0.016281512605042018 0.00895768833849324
0 0.18519957983193278 0.42865841073271416 0.017069327731092435 0.008699690402476729
0 0.1450735294117647 0.44536635706914346 0.008728991596638657 0.015995872033023734
0 0.1422689075630252 0.5812899896800825 0.009117647058823536 0.014716202270381827
0 0.18304621848739494 0.564468524251806 0.015378151260504187 0.009731682146542893
0 0.13875 0.7201754385964912 0.008602941176470586 0.013952528379772943
0 0.18050420168067227 0.7025077399380805 0.01680672268907563 0.008317853457172286
3 0.14894957983193277 0.8449329205366357 0.03669117647058824 0.01877192982456146
0 0.13510504201680673 0.8619298245614035 0.008602941176470586 0.015872033023735924
0 0.17672268907563027 0.8434365325077399 0.017331932773109245 0.00883384932920531
0 0.438655462184874 0.8629514963880289 0.009117647058823477 0.0153560371517029
0 0.4796323529411765 0.8452837977296183 0.018371848739495808 0.009731682146542893
0 0.43930672268907567 0.7198555211558307 0.009380252100840284 0.014850361197110527
0 0.4799579831932773 0.7030237358101136 0.016155462184873945 0.008059855521155774
0 0.44015756302521003 0.582063983488132 0.009768907563025162 0.01497420020639834
0 0.4802836134453782 0.5645304437564499 0.016281512605042018 0.008317853457172286
0 0.4400945378151261 0.44555211558307534 0.00885504201680667 0.015356037151702782
0 0.4807352941176471 0.4282765737874097 0.016155462184873945 0.008699690402476729
0 0.4403571428571429 0.3097523219814241 0.008602941176470645 0.014850361197110409
0 0.4802836134453782 0.2927863777089783 0.016029411764705872 0.009091847265221822
0 0.4403571428571429 0.17388028895768834 0.008602941176470645 0.01497420020639834
0 0.4796323529411765 0.15628482972136223 0.015504201680672259 0.009215686274509811
0 0.7390861344537816 0.16697626418988648 0.00964285714285721 0.015232198142414851
0 0.7800630252100841 0.14930856553147576 0.017331932773109245 0.009597523219814254
0 0.7816911764705882 0.2867079463364293 0.01719537815126039 0.009731682146542776
0 0.7401995798319327 0.3045717234262126 0.010808823529411727 0.015490196078431363
0 0.741890756302521 0.44273477812177503 0.009506302521008356 0.01638802889576883
0 0.7837079831932774 0.4250773993808049 0.017846638655462193 0.009731682146542776
0 0.7436449579831933 0.5817440660474716 0.008602941176470645 0.015872033023735924
0 0.7857352941176471 0.5639525283797729 0.016418067226890872 0.008699690402476846
0 0.7457352941176472 0.722858617131063 0.009117647058823597 0.015232198142414851
0 0.788140756302521 0.7054489164086688 0.017331932773109245 0.009597523219814195
0 0.7484033613445379 0.867750257997936 0.009768907563025162 0.015232198142414851
0 0.7913970588235294 0.8503405572755418 0.017331932773109245 0.008575851393188798
2 0.1048109243697479 0.2461609907120743 0.04177521008403363 0.027420020639834876
2 0.17218487394957982 0.2390815273477812 0.012384453781512627 0.023065015479876185
2 0.10350840336134455 0.3812693498452012 0.043623949579831935 0.02524251805985556
2 0.17060924369747898 0.3747265221878225 0.014789915966386537 0.02452012383900928
2 0.10055672268907563 0.5171104231166151 0.043623949579831935 0.024520123839009336
2 0.16820378151260504 0.5092053663570691 0.014789915966386537 0.025056759545923603
2 0.09713235294117648 0.6551186790505675 0.04269957983193278 0.026697626418988537
2 0.16561974789915965 0.6457688338493293 0.014789915966386537 0.026150670794633558
2 0.0932563025210084 0.7947678018575851 0.04343487394957982 0.024881320949432302
2 0.16238445378151262 0.7862332301341589 0.014233193277310936 0.024881320949432302
2 0.08936974789915966 0.9392363261093911 0.0430672268907563 0.02724458204334375
2 0.15905462184873947 0.9287925696594427 0.01571428571428569 0.02524251805985556
2 0.3941806722689076 0.9392363261093911 0.04380252100840341 0.026873065015479838
2 0.4641386554621849 0.93124871001032 0.014789915966386598 0.025789473684210536
2 0.39584033613445374 0.7954076367389061 0.042699579831932746 0.026150670794633558
2 0.4642331932773109 0.7863261093911249 0.015714285714285754 0.024334365325077323
2 0.39639705882352944 0.6553044375644995 0.041586134453781544 0.025603715170278582
2 0.4645063025210084 0.645954592363261 0.015157563025210031 0.02469556243550058
2 0.3978781512605042 0.5171929824561403 0.042699579831932746 0.026511867905056757
2 0.465063025210084 0.5087512899896801 0.014422268907563044 0.024148606811145487
2 0.3987079831932773 0.3814551083591331 0.04362394957983191 0.027781217750257957
2 0.464422268907563 0.3729205366357069 0.0153466386554622 0.024148606811145487
2 0.3983403361344538 0.2454282765737874 0.04325630252100835 0.02705882352941179
2 0.46496848739495794 0.2374406604747162 0.01460084033613443 0.023787409700722406
2 0.6955672268907562 0.2408875128998968 0.0425105042016807 0.028513931888544886
2 0.7656197478991597 0.23081527347781217 0.01663865546218479 0.025789473684210536
2 0.696859243697479 0.3782765737874097 0.043991596638655574 0.02760577915376677
2 0.7668172268907563 0.3694633642930856 0.01719537815126039 0.024148606811145487
2 0.6990756302521008 0.5158307533539731 0.04472689075630244 0.027781217750257957
2 0.7690336134453781 0.5073890608875129 0.01756302521008406 0.025789473684210536
2 0.6993487394957983 0.6551186790505675 0.044180672268907505 0.025603715170278582
2 0.7715336134453782 0.6482249742002064 0.01700630252100846 0.025603715170278582
2 0.702310924369748 0.7985861713106296 0.04528361344537805 0.02778121775025807
2 0.7734768907563025 0.7905985552115583 0.01756302521008406 0.028152734778121746
2 0.7043487394957982 0.945500515995872 0.04454831932773118 0.028513931888545004
2 0.7774474789915966 0.9375128998968009 0.018119747899159665 0.02778121775025807