1 0.18057556935817803 0.07118320610687023 0.01862525879917185 0.049051254089422014
1 0.22123395445134575 0.05533260632497274 0.03997515527950309 0.023331515812431838
1 0.20828571428571427 0.11185932388222465 0.04133747412008281 0.02392584514721919
1 0.1821656314699793 0.21146128680479825 0.021805383022774315 0.07477644492911668
1 0.2221407867494824 0.23538713195201744 0.040886128364389235 0.024525627044711024
1 0.2280496894409938 0.5934078516902944 0.019987577639751546 0.052639040348963995
1 0.16399585921325052 0.7752562704471101 0.022712215320910983 0.07657033805888759
1 0.1664927536231884 0.8548146128680479 0.024078674948240158 0.07417666303162485
1 0.5982898550724637 0.05232279171210469 0.03781366459627336 0.02531624863685933
1 0.5588737060041408 0.06603598691384951 0.01858799171842645 0.04937295528898581
1 0.5888364389233954 0.10549073064340239 0.036853002070393374 0.02531624863685933
1 0.56255900621118 0.21035441657579063 0.024033126293995843 0.0738440567066521
1 0.6035734989648034 0.23503816793893129 0.038132505175983496 0.025316248636859297
1 0.6128695652173912 0.5842202835332606 0.018906832298136587 0.05190294438386044
1 0.5502194616977225 0.763980370774264 0.023714285714285705 0.07468920392584516
1 0.5519834368530021 0.844154852780807 0.024033126293995843 0.07468920392584516
1 0.31579710144927536 0.5624754634678298 0.03784265010351971 0.02525081788440564
1 0.30927536231884056 0.4387350054525627 0.05497722567287784 0.030305343511450342
1 0.3425175983436853 0.40270447110141766 0.05702277432712217 0.030976008724100296
1 0.9552712215320911 0.06270992366412215 0.035043478260869614 0.024296619411123238
1 0.919391304347826 0.07473827699018538 0.018824016563147014 0.048353326063249734
1 0.9472587991718427 0.11523446019629226 0.03467080745341597 0.025278080697928033
1 0.9270351966873706 0.21071428571428572 0.022927536231884014 0.06995092693565974
1 0.965055900621118 0.23587241003271536 0.03448447204968934 0.024541984732824422
1 0.9798757763975156 0.5758124318429662 0.01938302277432729 0.050561613958560535
1 0.9217225672877847 0.751793893129771 0.022368530020704113 0.07117775354416574
1 0.922 0.8275136314067613 0.021436853002070575 0.07093238822246464
1 0.695871635610766 0.5542693565976009 0.03628985507246372 0.02324972737186477
1 0.6888447204968944 0.434051254089422 0.052637681159420247 0.02905670665212648
1 0.7195776397515528 0.39842966194111235 0.05328778467908905 0.028413304252998855
4 0.950848861283644 0.15792802617230098 0.03946997929606613 0.04823882224645585
4 0.5905051759834369 0.15261723009814612 0.04186749482401662 0.04910032715376226
4 0.21080745341614907 0.15534351145038167 0.04256314699792959 0.04716466739367503
3 0.9718053830227743 0.31359869138495094 0.049258799171842664 0.11270992366412216
3 0.8908944099378883 0.4090458015267176 0.11668737060041415 0.14280261723009818
3 0.7150186335403727 0.7884078516902945 0.12192960662525881 0.12461286804798254
3 0.6052173913043478 0.31457470010905125 0.04372256728778474 0.1185550708833152
3 0.5218012422360249 0.40870229007633585 0.12368944099378884 0.14696292257360957
3 0.33304761904761904 0.8036695747001091 0.12784679089026915 0.13170665212649954
3 0.22381780538302276 0.3170774263904035 0.04968115942028986 0.12262268266085057
3 0.13806211180124225 0.41635768811341334 0.12133333333333332 0.15681025081788436
2 0.7365175983436854 0.11792802617230098 0.06668737060041416 0.13838604143947655
2 0.75903933747412 0.3551581243184297 0.06214906832298143 0.0455125408942203
2 0.38266252587991717 0.36021264994547436 0.0642443064182195 0.0455125408942203
2 0.35228571428571426 0.11884405670665213 0.0677349896480331 0.14022355507088333
0 0.9266666666666667 0.26732824427480917 0.03493995859213255 0.023702290076335893
0 0.9740455486542444 0.4060468920392585 0.021175983436853136 0.04739912758996732
0 0.6085797101449275 0.40995092693565977 0.01959006211180122 0.050659760087241046
0 0.5610227743271221 0.26994002181025084 0.037759834368530046 0.025796074154852813
0 0.17845962732919254 0.2720501635768811 0.037759834368530046 0.02532715376226826
0 0.2254782608695652 0.41628135223555074 0.019946169772256758 0.053004362050163595