1 0.14129713423831072 0.061001727115716754 0.02440422322775265 0.049153713298791014
1 0.15318250377073908 0.11174438687392056 0.04755656108597285 0.027582037996545766
1 0.18838612368024132 0.07514680483592401 0.024087481146304695 0.05269430051813472
1 0.27625942684766214 0.10963730569948187 0.06763197586726995 0.034663212435233175
1 0.29725490196078436 0.05746113989637306 0.02686274509803922 0.05340241796200346
1 0.5935897435897436 0.053937823834196895 0.05064856711915541 0.0279447322970639
1 0.7425942684766214 0.13526770293609672 0.06948717948717956 0.03642487046632125
1 0.8114781297134238 0.1366839378238342 0.06331825037707393 0.03359240069084627
1 0.5662594268476622 0.42754749568221073 0.025022624434389188 0.05162348877374782
1 0.4644947209653092 0.4321588946459413 0.02841628959276023 0.07214162348877376
1 0.4354600301659125 0.39077720207253885 0.029034690799396683 0.07214162348877372
1 0.13850678733031674 0.5393091537132988 0.02440422322775265 0.05374784110535406
1 0.1493212669683258 0.5891709844559585 0.04725490196078429 0.03041450777202075
1 0.18576168929110104 0.5523834196891192 0.0262443438914027 0.05374784110535406
1 0.29324283559577674 0.5364766839378239 0.02686274509803922 0.052331606217616504
1 0.5901960784313726 0.5343523316062176 0.05126696832579187 0.031122625215889432
1 0.7393514328808446 0.6183419689119171 0.06918552036199095 0.03996545768566492
1 0.8085369532428355 0.6213471502590674 0.06485671191553545 0.03677029360967179
1 0.5634690799396681 0.9122279792746113 0.024404223227752563 0.0526943005181347
1 0.4606334841628959 0.9116925734024179 0.029336349924585288 0.06436960276338512
1 0.43067873303167425 0.8724352331606218 0.02995475113122174 0.07497409326424875
4 0.2277526395173454 0.07164075993091537 0.0456108597285068 0.055405872193436956
4 0.22401206636500756 0.5504317789291883 0.0469984917043741 0.06145077720207261
0 0.32565610859728505 0.11367875647668392 0.026696832579185502 0.052227979274611404
0 0.4461990950226244 0.054939550949913644 0.04755656108597281 0.030880829015544047
0 0.3214781297134238 0.5927806563039724 0.026696832579185502 0.0531778929188255
0 0.4431523378582202 0.5346632124352332 0.04699849170437401 0.030569948186528577
3 0.3658371040723982 0.057962003454231435 0.10372549019607841 0.058601036269430064
3 0.4484313725490196 0.16782383419689118 0.12263951734539978 0.1585837651122625
3 0.7633785822021116 0.4082383419689119 0.10122171945701351 0.16050086355785845
3 0.3612518853695324 0.5373747841105354 0.10401206636500755 0.06018998272884287
3 0.4459276018099547 0.6472366148531952 0.12487179487179487 0.16208981001727119
3 0.7612820512820513 0.8951295336787565 0.104841628959276 0.16749568221070815
2 0.19226244343891402 0.8505008635578585 0.12398190045248868 0.08644214162348879
2 0.3961689291101056 0.820621761658031 0.04330316742081449 0.08772020725388595
1 0.27193061840120664 0.5891709844559585 0.06515837104072396 0.034663212435233244
2 0.198552036199095 0.3659240069084629 0.12767722473604826 0.08687392055267705
2 0.398763197586727 0.3385837651122625 0.04330316742081449 0.08728842832469778